-4272
2624
-289
1854
4386
-9567
9565
9395
-901
4532
9333
-6297
-6110
-1574
9418
-4685
9141
7643
6912
7728
-4397
-6692
107
6007
2844
-4432
9976
8468
7066
-9259
1722
-2503
7333
-1558
-3275
9949
6689
1079
-9434
1619
-3901
8006
-3201
3592
7364
-2333
-957
-3921
-6113
-8176
-6058
-9010
5992
-1329
3587
322
-3033
-557
-3453
-4246
2767
-5705
9035
2668
1148
-8461
2014
-4401
-4060
-5507
8107
-7131
-1489
-1304
7643
-7119
2239
-2346
-8275
6181
3551
9165
9145
-415
6432
-2969
-7615
9794
-8332
805
-4485
-1322
-2577
1403
-1868
8111
-6027
4127
2919
-2435
-2379
-133
7814
4447
-5987
-3586
7190
-722
7210
-5519
6868
-9839
4288
-8785
2518
-6197
2925
-6336
2046
-9208
-3152
-5974
-7412
-8645
1259
-1103
-4052
758
-5064
-4660
-9021
6138
3206
5723
-8213
6896
5940
-4188
7654
-3553
9157
-4015
8476
-3677
4883
486
747
4570
-5629
-4236
2601
-4571
-6145
5029
9730
4715
-5515
-6476
6460
-9550
-1275
-9602
-7688
3864
-9995
-1130
549
-7087
5922
-7432
5950
-7500
-1391
-6803
2872
7780
7182
-3570
6146
-2372
2016
-4331
7052
-4680
-4893
-7574
-3783
-8647
-5753
3548
-4566
3826
-6970
5824
-2943
5389
5586
-6039
8791
8768
4047
4473
3469
546
-4456
-8823
-7825
6196
-7249
11
7260
3805
-835
-652
-9729
-3461
1760
-5327
-5088
-8386
3119
-6961
-7800
-2530
-2905
2157
187
-6549
6050
7422
8952
-4927
3553
3442
4607
518
-4026
-9055
-1768
3962
8277
-5865
723
-343
-4665
-8918
-630
-4362
-9647
-8693
-9901
1330
-8233
8663
4299
9790
-6258
1106
5599
-23
6240
4417
-1538
-9953
-3789
-8582
-1200
-3292
-8337
2167
-4901
7924
203
9196
-6060
-1991
4039
8333
4317
-7307
8362
-6749
7433
239
-2548
-8702
3338
-7566
142
-8459
143
-1596
-9502
888
4861
6048
-876
-2065
9008
8931
3875
8406
8807
3190
-3179
-7524
1626
3360
1448
1738
-2500
9478
-7862
636
-9545
7984
-6005
7532
-4029
5027
2871
4787
-7610
6816
1996
-6859
609
-8057
7119
-7071
-427
-6591
-9149
5852
5936
-8542
6586
1386
8833
-2255
3225
1760
1473
-3138
7366
-216
-3740
384
-7572
-6113
379
-8913
-9399
-7332
3274
-1612
6688
9207
1267
-1310
-4235
2398
6162
9309
7059
-170
-1270
9746
-441
1720
-2176
-6270
5975
-9061
3806
-5592
-5606
7304
6853
3268
5793
-90
5439
4181
-7616
889
-819
-7248
-8481
-6128
7276
-1776
-1912
-9743
-1805
7177
-76
6936
4956
-5620
-6084
-311
-7447
-5466
-7330
1835
5981
9360
4308
-8176
-1842
9783
9171
-4429
-2734
-7638
-632
-7088
1510
8361
465
-744
6220
9122
9934
975
-8843
9538
6776
-7983
1562
1922
3163
-734
-7991
-901
-1757
5695
-2812
-3902
-9262
-8297
-7074
-7732
2529
-9708
809
7161
5188
8615
4717
-7460
-8968
-4225
-9390
-2389
-3429
7354
1571
-1586
-2927
1484
-6699
-8168
2737
-6231
-95
-9536
754
-8835
-9119
5103
-485
-9195
5449
-2561
7198
-822
-6404
-7338
2042
-2206
-3375
8565
2982
7065
7183
-5511
2128
-4028
4844
3785
5084
8652
-8052
2786
1757
-8615
-4779
-19
5887
-8954
-1396
7603
-8314
-8731
-8645
7421
5854
7625
-6044
-3316
-5932
-9890
2392
-3565
-964
-254
-2263
2680
-3148
6816
3714
-2612
-9180
-8074
5062
-6328
799
2042
772
-5855
-6065
971
4374
3540
-3094
-4803
9497
4146
7832
8361
9317
-6797
489
-9704
3092
4741
552
-6694
-1333
8715
9769
-2591
7969
-1082
-2427
8543
-4375
6887
-9870
2548
6000
8165
-4645
-3305
2458
4248
877
-2997
-3450
8307
-6182
6535
7519
-1414
5714
6834
3795
3891
9120
4644
-452
-517
8625
3012
-3856
-6482
5769
-3416
-3615
-9705
-7573
8830
2359
-4036
-8714
-8034
8270
-847
-4459
5304
-1719
-8717
2885
9800
-1618
2024
9332
-6138
6277
9939
6541
-9787
-2037
-8545
8150
-2548
8492
4490
-8823
-8285
-7986
-1049
214
7600
-2332
-8764
6476
-3598
683
9941
-3137
7566
-9380
5101
-8664
-6996
-8314
-7752
9188
4563
6529
-3111
2639
1661
-950
-7995
9091
-4405
-1567
-5059
2246
4610
-6662
7444
-2335
-1360
-6497
1434
-1740
-7620
165
1335
-7928
39
-5546
6054
7507
-227
7092
-8691
-2826
-1932
1240
-5957
-7250
7435
-4759
7696
5950
1077
1166
3906
8213
5390
3542
-3761
-6193
-2064
1417
-5181
4073
-7156
2152
-1850
-8232
4799
-3458
575
-1008
4903
6779
6375
834
6243
9883
3101
7957
-7376
1968
6158
6018
-9316
8876
9858
-4241
-4082
4934
-4260
5134
5104
5720
3108
-3040
-7163
3121
-7533
1510
5169
9343
5256
3657
5186
-2030
6791
-1370
8409
-7843
-378
-9960
6196
-8432
6349
2541
-9892
5420
-5875
-2596
2216
8200
-7556
-2668
2906
-8379
-8976
-6235
-11
8126
-3309
-132
-7907
-1364
2539
4455
-3342
-8102
3255
432
2939
6588
-9145
-5680
-515
7346
328
3994
1623
-4908
5727
9584
8154
5018
4204
-4405
1722
-7544
-2694
3258
6937
5039
8320
-5602
3378
-5350
-7626
-9675
4233
-2649
5293
-4388
-1386
-6253
-9368
-6202
5224
8113
-7641
2979
7570
7700
-6344
-330
7365
849
4520
5598
-9176
-1595
86
-9308
-7522
9865
-597
8608
8665
-7313
7010
3226
4933
-6768
-5901
414
-1067
-5494
-7831
-6414
7289
-786
-6086
-4596
2658
3487
3011
-1412
-2046
-4488
2584
-9216
-2813
4228
-8371
9056
-9789
-5727
-851
9810
-9134
1757
8958
-3241
8775
-8672
3781
-2029
7316
-1079
5769
857
-8410
4727
-8836
680
7075
-3719
3724
6423
-4533
5596
-8068
-2162
-3105
-6144
-4076
-4498
6062
-1425
2856
-9007
-8300
4926
9974
9963
9427
-7600
-2961
4819
-9633
3071
-3738
7332
-7585
1975
7580
7121
1492
-2845
182
5205
2091
-3542
-3339
-5389
4624
-6970
-395
-7700
-3380
9554
1976
8623
8720
-8647
-2790
7554
9482
9620
-6922
-4637
-1348
9070
-9452
771
-5287
5366
9964
-4165
5573
-1622
-3670
-2588
427
2076
-6781
9415
8932
-3982
-118
-4464
-4518
8580
-5822
4533
-5967
3732
-8407
2336
-6327
5013
9823
5764
182
1523
9297
-5414
5194
5692
-7393
1861
8926
6195
-4229
-9917
-6615
-2961
-6243
8681
-2190
-3180
2230
-4390
9477
9543
-2681
-7734
-7910
-4018
328
2588
-8193
9864
-4473
-9724
-1486
5786
-2996
-775
9263
-1591
-594
-3641
1569
-7317
9233
-3213
8033
5430
7691
-6688
6325
3748
2506
-6981
8506
-5922
5712
-6879
-5754
2325
-6855
2620
355
3790
-4059
9801
-8538
527
1449
-3210
7092
-1181
9155
-733
8361
7289
5178
722
6588
8649
433
5989
-8729
1614
1503
-6142
8016
7198
-4845
2611
5096
-2116
-4043
7840
875
-9263
9756
7023
-5977
-2662
-5506
4585
6111
-1942
2238
2631
5963
-2582
-8932
-9760
-1857
-8481
-22
4279
5570
868
6683
-9302
7662
9869
9651
8307
8696
8207
-6977
158
-7977
1531
-9257
9878
7151
156
8635
-9015
-1550
3960
-3686
6515
7443
-9608
469
-9916
-8519
3508
-9397
-6902
-5159
4168
-5392
9042
-467
1476
-6795
7117
-3430
8808
-4566
-8189
-7748
-6320
-1749
3578
-3872
6076
3080
-7244
-8568
-5086
-2836
7926
2594
3367
-9766
6982
3025
-7691
-3479
-1612
464
4593
-9330
-1075
-433
6601
-5253
550
-304
2421
8116
6998
-1453
333
3279
-5065
-5571
6382
-5232
-8125
4080
8938
2167
-4419
1944
3313
-585
-5810
-1515
4637
-2333
416
4552
7550
-9277
-5304
-113
-2894
-6601
9469
8029
722
-6985
-6260
-1465
7015
-619
-7313
9716
-5163
-7258
-6341
9441
-1631
4877
7593
8928
-5619
3560
-553
4502
8770
-5450
-1268
4284
-574
-2043
4051
7928
98
9855
666
-3754
5637
-6866
-4301
-6764
7266
-5780
1510
-5229
9760
5424
-2768
-3570
5387
8617
1318
8706
-2649
-8891
2609
1515
6061
-8882
-1497
-3530
5252
6114
-4984
-6126
-7753
6349
554
1320
8368
-8238
1976
475
-7087
3160
-5737
-5059
9495
-300
-7542
7148
-1841
9647
9118
-2776
-8780
5287
-1164
-7053
6021
-6195
-1425
5044
-6680
7472
-7431
7857
-5088
2046
-4386
-2400
-1978
-5532
8446
4039
3176
-6530
-7129
-3249
5191
-5951
-8780
-2369
6522
5133
5677
-5860
8076
7405
2704
-7898
-9478
-3770
-9545
-9577
-3696
-8165
930
8179
2863
-4990
9488
-5654
5509
8406
-8527
2495
-2657
-6107
3810
2565
-6951
2661
-9587
-8337
8112
-9191
651
5605
4609
-1255
1
858
-7074
5545
8552
-604
-1270
1889
4412
9677
-8599
-807
1325
-4807
300
5293
5853
5655
6896
-565
-8359
7082
4302
-7294
-4874
9385
-4316
2025
7913
-8006
-127
-7883
-1245
-6455
-4452
-1434
193
-4054
9978
6149
-7516
3197
-6428
2244
-1198
5887
8585
-4470
2895
4344
8932
2010
-4380
-6863
8444
4641
1357
3565
-6547
2698
-8085
-4907
4580
9370
3496
3331
-3669
-9808
5016
-2814
-8384
2968
-8864
7677
-3283
6748
-4784
1382
2425
-1326
4912
3427
4981
696
9020
8614
-617
-7977
-1545
371
247
-7177
-7108
3917
-7172
9492
2711
-2493
1926
2863
9443
3511
-3758
7918
6840
-311
-6529
-9930
601
1348
685
-678
2624
2849
-6325
9483
8636
-5965
2672
-428
-8664
6365
-4725
9850
-2316
-2912
8652
-3342
7354
-9952
4388
6441
-6880
9915
-4697
-7725
7838
-4688
3463
-15
-7789
7450
2581
9202
7252
-5317
-4115
9530
-4098
-8029
-4196
-5016
1507
5400
5530
-4379
-3287
306
-1414
-8632
-7864
-3604
-2227
5785
8331
391
-2812
-5253
-692
1766
4452
9648
3899
3714
6068
-5936
-2505
7583
4836
-8906
485
-1616
3086
1137
-8551
90
-6115
8487
13
-9093
9883
-3824
7423
4141
-1274
186
9196
7001
-8594
5034
7980
-9367
-9051
-9506
5102
-8223
-4734
5002
-1191
4061
704
8337
-1608
8781
1734
1301
6819
-9300
5208
8157
6520
1199
-4463
-5769
-4352
-9526
4812
2004
8898
6570
-6961
1848
2615
3059
8995
-4931
689
-5205
9245
4061
1479
2038
7896
-6457
791
-333
-8290
615
-3755
6127
9662
4410
7776
5492
746
-2034
-5099
-8974
-2163
-519
-7790
-1491
-9750
4715
-5921
-4223
-4290
-6014
9595
7385
7373
3732
5417
1403
-4473
-5098
12
7381
-7184
5656
-6479
-4053
104
-1452
-1617
4618
-6375
8851
-7809
6167
8383
-3565
-7916
-6519
1182
-3954
2859
5081
364
-5515
-6572
-7439
9525
3295
525
4354
-1428
-3939
3064
669
795
-5715
8369
-1598
826
9822
-988
-6090
6568
9372
5659
-6416
-9383
2850
-9846
-1060
8317
-5490
1171
6605
1416
9066
3008
530
-4747
2689
7928
-4205
-9582
-2983
-37
-6061
5387
-4809
1573
7718
3815
-2917
-6781
-1465
-5597
-1339
6958
-7291
6496
-2059
4007
-5547
-4087
677
8939
-9161
-5062
-7649
2799
9473
8583
-1483
-3300
-7376
1816
2305
4082
9155
-7374
-7135
-1498
32
-3974
109
5754
-9032
-8523
1167
3192
-3945
-9220
-7955
-1311
2664
1752
-2562
9201
9756
-6362
2347
5306
2704
2693
-1695
-9325
-3566
3841
3742
-4580
-18
-9544
-1097
8388
-4998
5380
8449
-2585
-5183
-1032
-7573
-4525
-6012
6178
4484
-3900
-8710
95
1717
1050
7813
8194
-792
9154
-2031
835
7348
1694
-4797
-1103
9672
4227
-7350
-490
4655
-8777
-4103
-4486
-9003
3014
-552
7484
7167
8149
2404
205
6003
6277
-2644
1743
9516
-2351
7245
4606
-5415
4933
9623
8435
-8590
-5347
-6213
-7236
-298
9137
-868
2094
4539
3980
7473
2723
2658
7884
-2608
230
-3003
1777
4419
-4267
-7240
-9750
4357
-9205
-4041
3971
6798
-267
-78
-7047
8129
-547
-175
941
8721
-4892
-1413
-4639
6510
758
9245
6927
4132
4720
696
-9431
-7775
-5199
-3800
-5135
-7857
-6683
-4501
-7818
-467
7738
-911
7654
4955
-9472
-4628
-7258
2333
-2997
576
1584
6521
-1567
3938
703
7683
1934
-8445
-1936
2310
8417
-9142
-9477
7994
-5376
8757
-5129
-7205
2785
2778
9355
6612
6199
-9834
7329
2087
-6445
6414
-9827
-7920
-3318
-2716
6848
-8644
1969
199
-8737
1890
6131
8394
-6853
-5972
6757
1225
2450
-5488
-5587
1263
-1714
-8368
4090
-5090
-5336
-2219
-5136
7787
-413
9358
862
7201
-7506
1031
4375
490
-8565
-948
-8925
157
9850
-9730
2267
6190
8489
-9489
-8171
-5145
-9276
-3424
8267
843
-9870
-5492
495
6551
-1761
-6436
9789
9557
-1467
6624
5230
436
-6239
1279
8522
1536
-2733
900
3155
93
-3510
-8284
6630
-750
-7759
3937
-313
-7792
-7898
1107
-3692
-6368
-7984
-4181
-1824
-2442
5404
-1065
2294
-3488
6002
9040
-9081
6352
6850
-5285
9672
5794
-3687
5999
4592
5715
7618
6601
7502
3497
6175
9030
3871
9630
2726
5035
2549
-4971
-301
-8313
-8613
9313
6124
-2765
7303
-6146
-414
-4750
5023
636
9116
-2406
-9233
-7907
-7985
9711
7287
198
-5297
-3305
7541
-6480
-4143
-1940
-8483
-6229
-9416
456
-1796
4734
5389
8420
-9830
7025
-210
443
8120
8696
-6557
9356
-857
-6973
9056
-4879
2197
-9998
4715
6918
8846
-5993
2933
-1628
6385
-6783
7110
3835
-5525
5918
8601
9189
-4830
-2806
4632
9507
-7024
8741
2227
3365
-3741
5312
-3553
-30
2718
-3541
6247
-9960
135
-1170
-7027
-7375
-1977
-2909
-3894
738
1464
-8840
8780
3078
6373
2529
-8502
-8086
7564
-9639
-4142
9804
9298
7930
4188
-6085
3862
9330
-722
-3760
5851
-9053
-1846
364
-9619
9896
-9329
8944
1665
2198
-9663
-5157
-1015
4304
-6159
8960
-9721
-5752
-8958
8895
3970
-9409
7753
-9437
-4988
-3488
9760
-7789
-7926
1273
4409
9422
3893
-8458
8126
2421
-8739
-2824
6618
-7300
66
-6874
-9485
3044
4424
6564
-3845
-9936
-3588
4521
7310
-9339
-4878
4932
-2430
-6203
9765
-2819
-1357
6552
-7827
-7829
864
1236
1701
2794
6692
3888
-5334
-1937
555
-5958
8627
-6244
8813
742
-541
4599
-3341
-4788
7051
-1863
7971
5538
5953
6832
-3727
5128
3531
6402
-4743
5922
-420
-8689
-3400
5951
-4568
-596
4427
-6931
6102
4558
-7630
-1507
-2310
1683
-1029
4968
-5228
904
-1818
443
6574
-1125
-7667
-14
4248
4842
-4178
-8001
-2186
9550
8062
6846
-7846
-2839
-7694
-1459
-5688
7923
-9420
-4234
7103
-2967
2720
-5355
-6166
3224
-7116
8630
-6159
62
-8335
-2630
269
7535
-99
9780
-7514
8334
-3682
-5633
-2070
-712
8810
-8542
3257
-3798
97
6445
-752
535
-2466
2205
-9253
8795
5269
-820
-9429
9287
-3685
9678
-2363
5908
8976
-4166
84
-8214
-6773
6324
1989
-8989
-8242
3743
6202
-158
-5314
8657
6203
2919
-9
4968
3821
-7806
-9722
-8539
7313
9790
5512
2170
479
-8143
-1823
-4882
7314
6420
7183
-2200
4523
-9563
-7313
-6890
7354
-4696
3841
-4490
-2993
-3083
-1839
800
2610
-9510
-9221
1600
-4155
-7394
1586
5409
-1381
-9712
6023
9012
-1941
-2704
7372
3252
-1777
933
8330
1446
161
-1761
9441
-7116
-5485
5746
-9037
734
-5769
-7978
-4459
-503
756
5652
-767
-1711
2689
-1262
-7139
-6867
-2895
-7758
1495
5904
-2108
-7840
-7435
-3045
6767
9804
-738
8289
4335
2509
-7255
5758
6570
-5282
4031
-8075
2836
5787
3031
2345
2726
6217
-6133
8507
-8087
2735
846
-9350
7658
1881
6923
-6138
4719
-7914
508
-9955
4162
-8014
4248
-3302
-7049
-156
-1257
-9944
4416
1610
995
-3918
-433
9673
5202
8888
6627
-6243
-6036
2008
81
-6714
5099
-5642
6643
-1081
4984
7766
-8008
3339
-2279
1556
6217
4268
-1781
8840
-607
5500
7252
4130
-5526
-5415
980
-9072
6083
-7697
-1470
7898
-348
-9535
-281
2952
6782
3855
-732
-1516
-2141
5210
2244
7635
1292
3997
435
-6533
-9151
-5685
-416
7250
-2279
-2063
-1074
6634
5734
-715
7105
-7394
2928
-4324
-805
-9045
-894
-2152
6361
-8278
1224
-1336
-884
5746
5804
3550
-6139
3765
-1939
6143
-250
-387
-8132
-9837
6949
-3613
8452
-2829
-5087
-1441
-2017
-2113
2213
3879
-4842
785
-7801
-1068
-2778
-2203
-6349
-2738
-8441
-4488
-1943
-7148
-5256
1919
9004
3936
5129
-7424
6742
-7647
-6538
9664
-1971
-6908
7679
7404
6717
-5493
-1006
2279
831
-9299
-2990
-6073
-9393
-8467
6847
8587
-1317
7444
-4623
8091
-9596
2125
6934
8749
7931
9703
6299
-5499
-5083
-2548
8014
-1242
-2866
9092
7341
-1111
-7567
4201
-1850
-602
2488
-2779
-1621
-3748
-6220
6291
-7892
-5696
3278
-8185
-2153
5688
9347
8330
8392
-1810
8513
-2099
-3252
-2644
-9431
4662
-1127
-8318
-9175
1890
6277
-7088
-4690
7650
8753
-1335
7534
-361
1679
3727
1348
-2167
7377
8199
9199
-8086
-6545
-1660
5401
-4781
-8787
-7928
-8220
-5505
6743
8496
9225
-4231
-8415
2997
7779
2985
1649
7103
2204
-8281
-3918
-4043
-7623
3571
-7153
782
9367
8988
3013
9420
-5012
6928
-4343
-3183
-6832
7252
725
-7052
-6378
-9425
-9594
-5008
3437
-2483
-3016
1391
-9789
-1492
3929
8926
-8323
128
7598
9810
-297
-1995
78
5341
5374
-7370
7900
6495
-2204
8226
-496
1538
8554
7218
-7275
-5821
-6002
-8409
-835
5481
9284
-8044
-8347
2842
8607
8044
-1503
-4234
7137
2038
-8500
-5759
5448
3536
-1181
5374
-1279
-8612
2517
8381
-8889
1468
-2521
-7169
5093
7306
-9630
1610
-6101
599
7371
-7
9945
-4013
8314
5472
1423
-9383
7662
8417
6799
9375
4380
-1620
-8212
4323
-5831
5402
-4679
-7081
-3347
-1049
5117
-7541
4625
7714
2006
2219
-3930
-9274
-2327
-7933
5424
1302
2866
-9278
9403
-8315
8898
3206
3305
6520
5916
-4276
2297
-4881
1162
-3586
2375
6632
-9837
1762
2767
1798
6320
-1893
-1323
1807
9097
-5188
5424
-6508
-231
-1498
-6570
-1590
398
416
-8153
-5310
-6612
8573
-2079
541
1970
-2693
5719
9643
9906
4656
1738
-7982
945
-3842
6293
-4186
8897
-7326
8127
579
2902
6168
-9409
4270
-1218
1140
-2575
4027
4911
3717
-8369
7902
2852
-6277
2269
-7315
8929
-5185
-2283
6214
-2417
-4572
-916
-8730
-2995
-3840
-6000
-8659
4471
-116
-4144
7091
-4130
77
9329
1139
-4303
-963
-8716
8118
3543
-6941
9827
-8915
-1497
5885
9420
-2051
4929
5372
4793
9677
7989
6293
-4801
-2134
-6009
-4462
3558
192
8240
1013
9883
-3396
2605
-9828
-7574
269
-9647
-1659
8319
-6393
5414
6011
8008
6519
-9962
-9287
9125
1095
8281
9091
-5664
-7849
-1604
1405
2816
4781
2968
-7382
-6629
2348
-4347
-8230
-5925
5853
-1071
2728
-8021
8222
-5803
-3732
-32
-4830
7326
-1828
-9314
-4506
7062
288
-9038
7358
1803
1138
4747
-5121
-1632
2303
-6197
-2484
-4077
-7574
-8068
-254
-9159
-6187
5029
6282
-3904
4687
-564
-9035
-6673
-6220
-7477
-5837
-9460
-9150
-6171
7160
-4621
-1580
-8786
-9363
1500
2607
2885
-9700
-4408
-8637
4061
-4706
6471
-267
1227
-4005
-4543
2051
-5756
6712
160
2074
1345
-6387
9882
8019
2573
-2417
-6450
4258
1333
-6913
-8945
-3663
-7941
-1619
6456
1571
7179
-9624
-8439
-4907
3251
-9205
5057
5480
7771
-348
-7357
-6501
-4131
-1678
2862
-8867
-4991
207
-421
-3407
-5241
8638
2943
9046
1361
6975
-3015
-8606
-4465
-2072
-516
4203
4430
-7677
1603
-2806
-4502
-7197
7065
-8991
-1224
-5664
2103
-5032
-5038
-7287
8440
468
-4122
6967
-8450
-2957
-7263
3078
3274
6806
-6043
6309
2729
-119
-3962
-3218
-2240
7358
-2759
-8790
-968
-8510
-8669
-7377
-610
-4683
2888
9580
-9250
-8407
-1421
8661
3274
-4015
7883
1872
-9345
-5798
-1161
9037
247
-3406
4428
2087
1696
3340
782
5038
3297
8837
-5483
-3187
-8341
-751
-1218
-7437
-8855
-3361
7611
8776
-7538
-8949
-442
-5450
-2921
-83
9682
6933
-6564
69
-7557
-571
-3733
-1706
1643
6522
8760
-306
2121
6688
7872
-1358
5795
139
3006
-7627
2864
3746
-2321
-9208
1084
7115
-388
-6980
2790
9312
2404
-516
-884
9667
-5738
8630
-2396
-3499
8395
-685
-7948
6942
-2275
-9578
-5561
-6753
8116
7962
6588
6553
-8839
-4565
-4619
3856
9716
7796
7797
7314
-2889
-9892
1240
6343
7339
2730
-6605
5797
615
-8668
8536
582
-8569
-5929
7223
4811
6736
-4950
-3508
9711
9680
-4966
-9990
-1587
5270
8330
-8001
-6798
5811
-3877
-4669
9223
-481
-1495
8816
2865
8206
-7442
6941
-1977
-8755
9072
-2875
9966
-3607
-1591
-6417
1658
7400
-4016
-1434
-5293
2386
6464
7731
8797
9946
9063
-1411
-8291
419
-8708
-4354
-2563
4998
-4892
-592
-6733
-246
-763
1980
5315
9307
8464
4366
1425
-9702
4731
-9902
3428
4675
-3131
-3002
-5710
-8605
2751
-846
3680
-9707
-3713
819
9587
5432
-1725
8419
-7711
9983
-3171
6402
9460
2115
6631
3508
-2704
964
-2896
7617
-3367
6668
7483
8633
1674
-6649
1665
-1491
7496
-9138
9888
7281
-4784
-7377
-3106
-4391
-2827
2840
170
3481
3071
-2289
7499
-9068
-8262
2561
3425
-7652
-4640
-9062
-5896
2414
-9940
1110
-3890
-4935
-7184
2104
4278
-8846
-8098
5990
9652
9861
-7209
-7149
-3929
2361
6138
2361
-6860
-1741
373
-8820
-100
421
2354
268
-6411
-3077
-9406
-1099
-5455
5625
6735
9209
-970
8618
6863
9899
-7843
856
1244
-9904
-8647
2257
-2554
3575
9342
-6757
-6110
-8771
6306
-8929
-7113
-7289
1984
-212
-7378
-1751
9167
-3728
-7645
-9684
9011
-8774
1877
-3961
5638
493
-1240
-4141
8107
1725
1602
-99
-893
-7320
-1701
1700
-4109
3559
5611
6655
-5820
2732
5870
-1349
-8523
-4395
-9972
-4941
6016
-7274
-3234
7320
-6223
-8831
-216
8590
-2577
-4178
1779
885
4699
-96
1278
-6976
4295
3916
9040
-8127
9176
7894
-8358
-471
4871
-3409
-4803
1986
3857
-1275
386
-7089
5280
-6204
-5126
914
-7772
-273
-1233
-3452
6777
-9670
6722
-5604
-8942
-37
-3911
-1786
6742
3252
-9283
-2297
-8657
-2197
-2985
2785
-7339
-2302
7850
394
3981
-5179
4219
7281
461
-8503
-5600
-5102
-3688
-8501
8835
-1675
-6898
4011
1544
208
-9620
-8788
-1619
3554
7908
-9018
4481
-5393
-4543
9114
8778
6343
5351
-8403
8824
-1770
2489
-2451
1720
-8936
-4274
3498
-8755
9911
-9233
-4321
-2500
231
4352
-8099
-9398
-2983
6093
-5086
-8517
-4950
-2786
-8505
451
-4309
-6
471
-8692
-7574
8475
-9512
6694
3423
-5269
-1749
9109
-8844
-9469
6921
-9117
1064
-6244
-2378
7537
2107
-9615
462
-7486
-1816
5595
3296
1190
-7905
5172
7850
-7274
-4203
2682
-9417
-5163
4270
-8273
-2552
-9137
8053
-881
-4791
5957
1102
2843
-6276
8953
-2289
9376
2559
-392
-9657
-6286
7002
4238
-9577
-9153
-763
8421
5823
6225
4265
-1949
6160
4038
-7919
-761
6445
-7360
3123
-818
520
2850
-382
-2096
-145
533
-3232
3471
-5541
3279
-1165
1670
9271
-6111
-1777
9308
3929
-1114
7008
-7660
-7287
-7685
-842
8789
-1326
9234
-2780
-4339
9130
7727
1697
3170
303
9138
4268
7040
7450
6830
5152
6450
2486
8820
2945
-1755
-7945
2128
-6279
-6850
6561
-4396
1115
-3632
-1494
2150
-8993
-6679
8993
-5140
5789
-5501
3729
-7574
2900
-5999
-5345
4082
5764
-3232
-9536
-8401
8135
-3462
6072
278
5098
-6931
5853
-9873
-9895
480
-7520
-309
4512
-3728
4270
8053
736
4313
7174
8966
1024
-8138
-6522
3231
-15
3123
-8319
5518
-8257
-3815
-5102
1575
1069
-7564
1469
9913
-5285
-8052
-5161
877
4430
-5767
2943
4404
-1498
5017
284
2788
5522
-6425
2990
9934
-6351
9081
-4279
-7571
2832
2315
-6066
-1220
-7262
8581
-4005
3617
-6736
7895
-5489
7306
-8807
2261
-9656
9057
1891
3743
2281
-1171
6687
-3724
-706
-5519
-6543
3930
-2056
-5807
978
-7856
7448
8320
-715
2229
-9851
-277
8806
9281
738
7404
-1357
-8095
4548
1646
-9841
-103
-5843
50
-9216
9576
1812
-8406
6038
-982
2130
252
-6044
5632
6493
-7189
5610
-7363
8259
6627
1176
735
-9651
8461
-6010
492
-6238
-6787
7571
7437
4367
-3115
-3872
8887
4089
-8028
6628
-5448
679
-5140
4204
7193
-7456
-2496
-1029
7724
4449
-9649
-7519
-7319
-6903
5374
-7766
7069
-6585
5675
-3433
8311
-2122
8445
-5481
7635
-4894
-6007
-3021
-7974
7429
240
-3832
9579
-9013
-9950
3732
-5932
363
1650
6733
2160
-6876
-3223
-8968
-3680
5557
-2146
-5159
-5149
-9193
-5309
-1052
7465
-402
6603
-6558
-4204
-3713
-3974
-9741
-8291
299
-2324
-8617
6953
632
-3519
-4590
-2609
-756
-4004
-5007
-9680
5831
-3195
5092
-3717
-5564
5132
4617
-7441
3289
-6784
-4767
-7163
1691
2935
5902
-4404
-3404
-8522
-962
7965
-4239
9316
7055
9377
63
-8899
-2050
343
7391
-2834
8722
449
6354
340
143
-8007
-2519
-1959
-1833
-6036
4584
-6748
6937
-9103
-8768
-4305
1812
-6762
-3313
-3519
-7013
7157
-6083
5370
7868
3140
2859
-5106
7977
2868
747
3031
-8662
-8091
3022
6883
-7441
-8182
3260
-9429
-114
2463
7499
-7978
1631
3047
-35
3622
-2445
7215
-5868
-1903
2654
3207
-6201
-881
9303
-6773
7011
-314
7016
-8864
5945
2155
-9399
7214
-3782
-1213
-6289
5307
2765
-410
-1216
-8617
4120
-4864
-6861
-2169
-1433
2654
7485
-2236
-8878
-6004
6220
-6772
-5237
-2961
9613
9172
-5262
-1586
-8164
-2756
2090
-5251
-5139
7215
9813
2402
759
-7807
3056
-4530
811
521
4198
4283
8389
8972
-8204
-5709
-5905
-1677
-2479
5447
-9504
-3637
-8615
2886
-9410
4253
2489
-5904
-3033
-3883
-2692
-7713
1302
3197
-7541
-3705
8472
2588
8436
2236
9452
-787
-786
-3649
-786
-1227
9973
-888
-7896
-2750
-1829
178
4742
2060
-7728
5156
1766
750
-4426
-3351
3961
-955
-2576
-3636
-6318
-5368
-708
-6625
-7784
-9612
-9076
-2649
44
8057
-6960
-3671
-624
9404
-6958
6818
-9175
4150
3248
-1501
3131
1265
-6831
-8079
7971
-9540
8369
-1235
9077
-6014
-5116
-1569
7354
8243
9247
-7308
4431
-8043
7443
681
-5079
9043
-3861
-4941
-5596
7867
2062
1357
2091
-9238
-9266
9734
4677
9006
-2857
9180
8694
8629
2144
-5144
-214
9445
-916
635
8218
-7402
6719
-4661
21
2699
9580
5144
-3037
-6680
-2124
3125
491
-8475
-7274
-5545
-7193
5287
982
4006
-5510
3568
-6770
5400
-62
-1773
2778
-5727
-8024
2692
-3399
-7083
6413
-3118
-7098
-985
-4305
2536
1491
7339
-924
5809
-6337
-3285
475
-2089
2442
880
-1646
9633
-195
9372
6538
3264
4422
9168
-3824
-7013
3711
137
3225
-362
-6146
-8271
-7343
-4101
6573
-7528
7327
4661
-2677
5170
-6687
-9043
-7933
-6125
628
-9852
-3072
6719
3480
8115
6666
-9823
-2414
-2145
7629
-5403
-5733
7397
-6276
-8427
-3535
2969
592
-8816
7376
5361
-7426
-3123
5189
-2145
8094
-8498
-7974
-8046
2811
-7376
-9796
-2555
9378
3192
4662
8737
9453
4898
7002
9571
1118
2985
-8250
6170
4058
-2113
2550
-2426
5012
-8575
-2928
5865
7999
5566
8789
8455
-4034
9584
-4201
-7100
8166
6648
-948
1471
-6728
9802
-8965
4463
-9398
6182
-3185
1686
7646
5821
4126
-9309
2164
-9953
-4866
202
1984
6505
-8558
796
-3063
321
-8773
4046
2795
4914
-4070
-1665
-5140
4638
-1089
-3915
-7732
-1368
1552
2788
2194
6944
8950
-9750
5892
8408
-6721
5220
-6522
-4735
-8200
-5342
-628
-5522
2665
-3699
-4556
-6626
6582
7649
-6568
-7160
-741
4819
5001
-3402
-6056
6353
-1459
-338
-8916
-3026
-6855
-2581
-4043
-7667
8632
-5028
8405
9480
4018
942
-1294
4234
-9609
-150
-1823
849
5237
-8752
-3553
-8990
-9369
-3792
-3252
-6472
-5357
6467
-5219
9112
-6145
8638
-8337
359
8843
3201
1336
6083
-827
-2974
957
2796
-2267
-2065
-9305
1502
4468
-4839
2128
-5630
815
6251
7590
6379
-2155
142
-6317
1989
3793
-7934
-9080
-8316
5023
-227
3594
-2819
9059
-1852
7796
5543
-6069
7113
7903
3933
8615
-6702
-8306
-1285
-6713
6957
9882
-1119
5027
-4037
-7858
7337
-2492
-3526
9763
-3999
82
-139
347
3238
61
6063
4404
8625
9950
-8299
1817
-6748
-4688
-1009
8807
-525
-576
-5816
7297
-9590
5248
-6415
8296
6868
-630
-6398
-283
-6848
2757
-6432
-1782
-2681
-6882
8201
1912
1358
-1781
7447
4532
219
3389
-4125
9381
-6533
6206
1266
-2655
-7071
1502
-3056
-2949
-223
-969
700
9384
4617
9271
-2135
9251
4825
-5887
2832
1188
9301
-8580
-3098
6337
1070
-6193
-1996
-1985
-5489
8015
1285
-9105
8186
-5483
5653
-6148
-8084
9756
9485
819
-1676
1837
6923
-4544
9859
-5046
1812
-4722
-7255
1572
3176
-2163
-3961
3921
-555
-9785
52
204
1183
-2539
2241
3285
-7662
-9211
7021
2424
5483
6048
460
3297
8424
-3428
-1216
5836
-2520
7251
-914
-4468
-4508
4736
5141
4309
134
1750
-4644
7239
-6424
4017
-9829
6870
8247
917
-9049
7268
3139
4278
8855
2154
888
8182
-2478
-7742
-412
-736
3978
1108
-3916
2222
-9137
669
-8212
-9460
6895
9584
-1460
-3030
-1484
8553
-1898
3354
-3278
9247
1271
9271
6999
-9399
1831
84
4879
5231
-7636
921
4086
7116
4321
9776
-1717
-4374
1294
-7169
4319
-6920
5855
5342
108
3347
2523
9141
-2138
3902
-4235
-8854
-9410
2477
-5625
2594
-6735
7908
274
5296
365
-8537
-3112
6556
-1926
2143
3022
-7388
7283
2023
-3611
8967
6707
-2171
1233
-523
-8542
-7343
-9876
2544
9368
6282
-9490
3436
4009
2907
920
2453
9566
5100
-6131
829
5101
3888
3390
-3755
3598
-3019
-1376
9935
-7715
-6565
-3433
2548
9327
7343
-643
-5504
1842
-2417
-8253
-5402
-6416
6392
-9600
-2520
-6423
1589
-4997
-6964
3534
-8287
9183
3014
1992
2511
-9083
6823
7044
-7563
-2137
-6968
6166
-6848
-6917
-6132
-2057
5250
2310
7110
5072
3716
-861
-1580
1346
-3730
-9547
9046
4577
6185
5417
-2749
-7441
-704
5004
-2181
-4039
7547
-2161
-4228
-7033
-676
2058
-3860
-7759
-9566
862
-7929
-8235
-2313
-1954
6455
1345
-9913
-5270
1990
-8239
5375
3026
-3137
-9539
8210
2656
885
4904
-1067
6800
6500
-8628
657
-5985
-4091
-5061
-4903
-5726
7396
9216
-1825
3935
-5762
-8692
-5405
-3486
-504
-505
775
2114
-2376
4770
5955
5191
-6352
9678
-7702
-4583
-1803
6974
-6442
1162
5701
7055
-5717
6159
9046
4916
2163
3325
5710
4694
-4969
-8193
7018
-8183
2133
6759
-5846
-129
3734
9833
-9791
-7039
-6171
-8987
5398
-4621
-3582
9837
-7045
3222
7461
-9747
6059
4166
6567
-1219
-5881
6219
6952
-484
4485
-8854
4346
-8073
-6053
103
-3231
4222
-4540
-3545
9752
6403
1450
-975
-7190
827
-4767
2339
2317
3014
-882
4761
6394
-8582
-544
-4192
-4019
8461
5308
-8696
7048
-3462
4582
7857
5399
9203
-1614
-6216
5879
-8790
-3658
8222
8739
4647
7980
6558
8903
2065
-7912
-8069
-5391
4015
-4792
1095
5203
-305
1505
7846
9348
-8675
-2503
-3276
3294
-2416
5263
7556
-916
4140
1619
1022
7162
7601
4834
-5533
5580
2207
-1600
-6086
-5676
-1948
4723
-5266
714
5403
6465
-6354
-8445
-7441
-5608
1593
-3432
3548
-3150
6836
-7793
366
-9886
3127
9820
1184
-2949
-6397
4043
4101
1665
7685
-741
4344
2808
438
-7115
2814
8760
5375
6164
9148
7384
-9469
2703
-6470
9831
-962
403
6694
3679
-8236
-1498
-3486
3417
-3677
-3051
-9626
5235
-9883
8035
-7072
6676
-7222
1530
2885
4968
-2547
2547
-4134
-3508
9149
-5249
3588
1329
-5462
1045
7028
9728
1370
8728
9813
5509
-6087
5336
-9135
-5975
-6253
7047
4198
-977
4833
6784
-7329
-4215
-7000
2198
5746
5402
7571
-6765
7258
-7500
-2426
5412
-2323
-7036
8873
1523
2523
-9942
9607
-4714
-2030
-628
-3494
-9240
-7386
-3539
-9426
-1342
8523
8253
-8457
8862
2000
888
-182
-6262
-393
-9672
-3164
1759
4889
-3935
-2603
-7651
2072
-8123
6224
649
1318
-8032
4497
4085
-7896
-462
8258
-8549
3653
-5912
-3464
-7064
3820
-6326
6212
-161
-3009
5444
-8830
5362
-5615
8650
-7848
4444
-6350
-9304
-6711
4169
8327
-4052
9472
-8839
1783
-5476
-9031
-2772
-2857
4786
-8507
1759
-1518
-7277
-6822
1692
-6091
6516
-6363
-5459
4406
-3809
5070
-966
-3156
5254
-9129
-7272
-7704
9268
-7386
5206
-9563
3161
203
215
8474
-8753
-3867
6748
-8151
-6389
-1823
7622
6103
9622
-1443
-3691
-6449
-9190
7910
6016
1692
8719
2758
-6791
-785
9156
6850
5663
-7110
-9384
-6622
-3085
145
4894
-4673
2098
2243
7928
9240
1655
-7859
-3419
3371
3636
-3397
3662
-4642
3705
-9089
2255
-6840
-9589
-3240
1503
-1101
-1958
6104
4944
-8758
3465
843
3146
-5192
4600
4696
6044
-6737
-184
-4329
-1355
6917
-6913
-194
-5322
5509
-405
-3168
7086
-859
1454
-8708
5439
-4538
3817
-6713
4893
-8761
5002
-9285
2908
-9681
5233
-5908
-7535
340
3525
-2999
9732
9527
-4710
-2604
5149
-1062
9832
3260
-5552
-9393
-40
-7981
-6082
-3609
-3583
5725
8165
-7458
5959
-5214
-4447
-7076
1877
-3453
5913
-9592
-8680
-1135
-7619
-5499
1030
-6665
-3334
-8473
-443
2586
2632
3997
-6327
5273
8092
724
-5646
-3649
1484
-2229
-3851
3635
-2636
7870
9791
9374
9724
9549
2301
-9840
-335
8113
-3676
-6572
-8076
8968
-5487
6183
1506
-1018
6547
-6174
-7124
8850
8979
2092
6777
-5546
8736
-8044
524
-7536
-7842
4461
5306
-7606
6098
6463
-7441
8395
2729
-4796
-7187
57
-3942
-5309
4845
-4700
7247
-7971
-4151
-710
-4754
-7329
-3038
-7631
9796
-9694
-3691
3577
980
-5785
8761
-3611
7001
3784
-9660
8010
1590
-6441
738
-8142
1076
-9615
7708
-2525
3932
-1213
-8387
735
5690
9403
294
-2957
493
-8549
-2583
5627
-115
-9189
-9318
-569
-8459
-8884
8734
-7047
7504
-9350
-3633
-6922
2110
9611
504
-4334
8740
-1206
-2941
4463
-9950
3523
8624
1067
3700
-2511
-4041
4918
-4612
-9837
-582
-9366
2142
-3209
1107
-9635
-6847
5944
3088
1791
-5932
541
-4128
-5525
9121
4949
5446
-1389
2815
2999
-4583
5235
-1872
9318
-1316
-3832
3383
-8026
-8085
5790
-3805
-2443
1408
-1383
-3615
-4795
-8019
4867
9025
-2859
-361
8109
-4714
-670
-2925
2046
7443
-2108
3902
8029
6818
-3176
7138
-3028
9690
64
8171
-363
5662
7439
2026
5725
-3316
-1846
-6278
-3735
-9732
-3997
6325
5953
1093
-6
-9718
-7940
1928
7044
-2143
5016
-6587
1983
-7710
4849
5865
9212
7644
-5450
7539
8857
-2794
-6689
-250
-333
-9294
7242
7190
-3446
-8509
6429
3614
9807
-7593
-2024
2627
-4882
6148
5225
442
5248
7067
-6653
1493
-9234
-4592
-596
-810
-2801
5985
-8008
-631
-9326
227
-7223
4675
-482
-4081
-8752
5667
4696
7243
8749
-3678
2417
9090
-9269
182
3872
-9419
-5463
-8788
-3347
-2258
-4026
6458
9417
7943
-9276
9391
-1319
6362
1368
-5568
-4253
6254
715
-6601
4519
4066
-4137
1537
7662
6272
6454
-4203
8061
1297
-1511
-5580
-918
9807
5036
2400
-440
2536
-5412
-4986
-8603
632
-8348
-7945
-8313
-8307
-8145
4692
-9528
-2487
-8977
-233
-2812
-1617
-5120
-2292
5724
-8582
-1579
-3215
882
-7582
-1586
-9546
6754
4919
9071
-2773
-3356
-1413
-3381
-2107
6864
-7478
-4428
2543
8027
-3226
8376
8628
-2310
7288
-4496
-1880
7540
-5858
3329
-5176
-4222
-6486
7302
6435
-1655
-4626
1791
-7557
8434
-2734
-112
8524
5970
9719
3431
-7252
1585
-8127
-9560
-6028
7230
-7602
216
347
-7422
3649
3617
-2052
2554
-815
-8644
4030
-6248
-1856
1019
-1575
-7188
-3440
1835
-9131
-8189
-2444
83
-9460
-8841
-1406
-9405
-951
456
-6054
-4935
-6492
8491
5030
2903
-7511
-4324
5139
7189
6445
-926
-8267
-3674
6131
789
9612
-978
-2550
-3971
-8703
-5857
-9999
-9169
4465
-8888
-24
-6417
3120
2521
-1829
-5334
741
-486
-4566
2083
9983
2567
337
-3215
8382
8407
-321
-9891
-983
2366
-375
-3557
-6325
6361
-6404
1796
2468
4107
-9963
-3210
-5181
-5460
-6842
-5161
-4827
7591
6783
4512
9116
-6065
3324
-1868
-8174
2084
-2689
-9309
-8192
878
4735
-3592
5392
6635
-6286
1481
-5041
-485
-610
-9915
-8478
-1337
-9843
-2321
5126
-8529
9591
-5069
1171
7820
-2200
-9212
-1518
-5095
8264
5464
1287
9795
-3142
936
-4629
3396
695
9408
209
-5100
9837
-6832
9441
-1124
-6025
3347
3925
517
-2312
-8946
-5039
-5259
1078
-5313
-9861
2646
-3638
-3695
9011
5525
-7176
-5158
7918
3180
-3579
-2024
357
-2492
9934
1102
8302
9924
-4511
-2745
-84
9634
-6641
4000
-6063
-5594
3972
-9831
-5091
-4536
-4710
7546
-5112
8135
-4625
6244
4258
7728
96
2445
-6098
3371
-7848
-4584
-7590
3711
-4470
269
-3100
-5688
-8394
9381
2372
-7931
-5733
2626
-4839
5298
8914
6638
6231
-7310
-8835
8226
2261
-5124
-8507
9813
-1976
272
-1686
-7957
-3083
4944
-9325
-616
-7177
-5748
-6750
7274
-5788
9393
6212
-9528
-8135
8324
8874
8977
8769
-5007
-7566
-4908
-1036
9357
4130
-790
-6292
3583
9163
-3050
-704
-9348
-8305
1016
9600
4324
-1638
3132
-1076
1975
3680
-8490
7509
-6484
-4762
1241
-1808
582
-4186
6971
2529
153
4727
7460
4385
-5043
2374
4876
4220
-9911
-2097
-7073
-5587
9498
2643
-435
-9461
4839
9727
6540
3257
3437
-7221
-8144
-9267
-5841
379
8134
776
6450
1767
-2374
4414
-18
-7507
4369
837
-5441
8308
3463
-6786
-2187
-7322
2409
6741
-7498
4284
-4268
-9390
-9131
6858
3988
-6858
4056
3917
-2523
7971
4844
-7364
7332
-5852
-264
9115
-701
-7026
4716
-1492
-496
573
-2756
2785
7081
-2840
5077
7000
460
-6188
-8498
4376
-4618
-5899
5480
-1789
-5303
8684
8126
-5529
-4326
6022
8187
-8632
-124
3409
7832
3717
-7918
-4583
2049
-1499
2731
2134
4117
-6246
1460
-5354
-6349
-9343
-833
8014
9928
4012
-1988
254
-4422
-5270
-5156
5728
4766
8742
8519
-4152
-3585
-7749
-1466
9599
4285
-6141
-4717
401
-2452
193
1463
5928
-1704
-6746
6410
2530
-5980
4894
-5864
1247
8310
-334
-9942
-55
3619
-703
-2496
1935
7484
3484
4640
1517
-387
-1542
4395
-7570
-237
6210
-5120
3890
6515
8072
7946
-4417
-2297
4470
5979
8917
8954
3177
-4737
4723
-4302
5032
-5057
-1334
-6907
-6580
-3286
-2571
-5074
-1782
8306
5847
-8996
-9455
2975
8450
-7166
486
-9884
4473
-4042
-3466
6037
7522
-5283
-815
9018
8957
6217
9226
1000
-1139
-2206
-2635
1901
-5603
2508
6955
9560
8782
9950
9555
2842
-4525
-452
-7058
1745
554
9476
-4915
-6707
7726
-424
-7804
-5390
9755
-1950
-8474
-8276
-8694
274
-939
3010
-7573
-4982
3810
2487
2331
-5796
-6111
7155
-7467
-5692
-1278
3440
1400
5039
3811
-8654
6300
316
6718
-9660
1622
-2424
2478
3696
-636
3617
-5626
-7454
-9333
-7270
-6662
-1524
-4871
7642
9641
-7044
-9969
2177
1048
634
-801
5435
-1504
2553
7509
-4654
-608
3836
2734
5449
5285
1767
59
7381
4111
-4698
-9279
-443
-4880
-3705
2206
2451
-1556
6884
7971
-4593
7312
-3508
7000
1008
-5297
-6708
5038
-4242
-4569
-677
5789
-7934
8670
4246
-3830
8000
-1888
5016
-735
-6539
5639
934
8005
-5571
1910
3128
271
3894
2296
3703
7606
-1438
7029
9070
6149
-18
-4023
-3911
-8478
9983
-5118
7524
6070
-3905
990
9764
3851
2511
-9498
7057
-3894
-6488
7078
9258
4074
6334
5202
-3289
-3754
-1313
4967
-8750
4620
-3539
2833
-3586
-8191
-2350
8764
-7480
10
-9179
7064
-4188
5137
-1219
6105
-3815
-3017
-9733
59
3729
-4915
-8777
8362
-4039
-6702
-2096
-3194
7453
7970
6391
-1361
-3944
-5277
9279
-7894
-7179
-182
-3124
-7716
6252
5970
-5375
9134
-4587
-1983
-2848
-5225
-8184
-1035
-7941
9439
3114
-1103
6865
1657
-8607
7362
5128
-9969
1429
-7385
7778
-6889
-124
4762
9915
-7197
6615
3896
-8061
6293
5503
1648
8726
8272
9351
-8558
-624
4322
2784
-2043
6103
-75
-1384
-5636
-9397
-8172
73
3833
9369
-967
2044
3089
3020
4987
-13
5492
511
3539
3082
4921
1363
-9632
-3317
3983
1665
6448
6227
-5424
-598
5524
4017
-478
-4718
8655
-5714
3757
5866
-4834
3635
-4454
118
-108
-449
-310
-7094
4122
-2392
-8120
-4046
-9425
-5397
-5221
-7789
-5973
8780
-6919
4148
-7518
-4220
-9204
-5685
8316
-4119
-4767
-4760
889
9271
3325
-7097
5122
-739
5468
-4400
-5377
-5309
5723
2706
-9923
6730
5652
5342
9144
7129
8030
5185
9655
-390
-2532
8448
-2156
9905
9294
-6986
7537
-7239
-1430
-2972
-4962
7837
2907
-9953
8123
3210
5257
3681
4082
6722
-7081
-6410
3533
-844
4469
8414
3820
1963
9408
1529
-637
314
8360
-3303
-9168
-9310
5558
8094
6162
-747
-3157
-3868
-1163
-9223
-6109
4957
-5233
-7307
5233
6315
-8303
-6434
2519
-8464
-2580
2223
-1368
-1472
601
-5786
6800
-283
-2688
8336
7563
-6862
3921
-4507
3090
6740
-6488
9975
-9492
-4879
4178
2718
3527
8615
272
-1276
-4326
2305
-3586
970
3808
3549
5006
1032
2937
7525
2854
642
1757
1594
465
3097
9192
-1641
8602
9473
3966
9812
-3307
699
5274
-9984
-1128
-6018
1396
5299
-3328
8505
-8613
-7380
-9912
3379
-1700
-5889
-3382
7689
-4092
6209
-1144
4109
-8567
-4579
-9981
322
-4722
3141
2595
-924
-1597
-1414
-9490
-8811
1730
1623
-6317
6245
2808
-8160
9111
9915
-1203
5098
4698
-8843
7861
-5679
7842
7244
-1781
5900
3998
495
576
3408
-5862
3519
3694
2270
4483
6010
-5845
-597
-862
1927
-6265
-8748
-534
9454
-3481
4628
-4404
8713
2762
6564
-24
-5445
9980
-9418
8658
2006
3166
3736
-9537
889
-4073
3510
3052
623
-6687
6102
7167
-4353
-9917
-6438
8526
-4620
-4415
-1108
4656
-2823
-3011
5670
-5946
-3874
-7441
-626
-4278
2554
-7515
8334
-6583
-4005
-8826
1489
1545
9847
8432
-54
7489
-2700
-2679
-9536
-8568
-9233
3279
-7654
-9511
1288
-1288
4300
-7342
5704
2976
-8334
-5578
-7322
3183
-6942
1070
-2971
9173
9408
-5778
-7501
4356
4539
6639
4167
4857
7885
-3251
7356
2495
8775
6433
-1736
7869
4948
4965
311
8452
-4454
-8431
6728
-5872
9759
-7344
4800
-4718
-6075
2606
9334
9987
834
-5426
-4015
1400
-5789
2116
3013
-480
-5884
8247
-7068
-1279
-1975
-4612
-61
9091
-9524
2267
2528
6268
8362
9446
-3544
-2005
-3858
7212
-4911
5213
7005
7210
1822
-9635
-9152
-8773
-3040
4229
3345
2553
-2119
-7133
8368
-9998
-5701
-4679
-6777
636
9866
-3783
183
-4200
5187
-5576
-2553
5266
-4132
-4
-6085
-7931
8418
-9437
4015
6003
1378
2103
-6453
7448
4336
5647
8324
53
2459
9106
-4460
-7115
-5441
6846
-4214
-8572
-2606
7698
8090
-8911
-6218
1963
8900
-3324
-1379
-3178
-3042
5177
-4541
1169
4353
-4319
-387
790
-7783
-9115
-1507
8026
8187
-5569
-521
4917
3664
-774
-934
3636
4439
5892
-7284
-7882
-4048
-703
2920
7782
331
-8496
-5269
-882
8421
9199
-8634
1328
-397
-8251
7312
6750
-8845
-493
-3389
2299
-6236
-1194
6915
2506
-8824
1953
-8866
-848
-7573
4865
-3905
3836
6098
-8540
3934
2785
6341
-5009
-9259
-803
-9763
4360
-4791
5385
-7877
6622
9769
-4512
-9302
7919
-6108
-8164
9753
-6247
-1754
6448
-315
-8058
-8044
-9640
318
5933
2658
-3495
954
-3667
-81
-1750
-2209
9143
7647
-9773
-819
-397
-4804
4754
2387
7681
-1869
3588
6075
2671
5771
5485
-1231
815
1398
333
2192
6802
3264
-124
-3978
-403
3875
5680
-1286
-4012
7510
6264
5929
5186
-6474
-7087
85
-8726
2525
-259
1775
7310
-9471
-6527
-4655
-3116
-6806
-6677
5474
-6776
8576
-4771
-7937
2057
7660
8590
-5494
3997
6887
-1724
-669
-5286
1133
6183
7599
1494
5770
-5611
-2453
-3825
-4197
5468
-645
8984
4725
-6498
-1549
849
8941
-3563
-5329
941
-912
-245
7268
1316
4114
-2471
8002
-8584
-5003
1296
-727
-9432
-8600
-259
-8593
2663
1849
3797
-2259
113
-5563
8834
-9114
-3352
9999
-4770
-3390
-6605
8731
792
4801
9796
4645
6624
4427
9897
5614
-6534
6277
-3208
4532
-6264
7428
-7614
-8422
-2744
1231
-2929
7958
4309
-3202
9317
-2059
-2291
8728
-657
-1203
-2108
3683
-1316
-4639
-4671
-7161
-6386
977
5056
-8335
-942
-7161
7727
-5303
2048
858
-4714
-5540
1466
-1118
2067
4988
-6439
-1468
7436
5661
-8201
2427
-8109
-2029
1266
-8591
7608
57
2243
1889
-1809
-623
-2832
-2497
-3399
2782
-4641
1394
-4423
-4543
-5953
-8621
-9162
-4060
-4500
-946
-4302
-9724
-6183
-3828
8661
-7441
5374
6094
-6508
8250
-5395
-108
280
9188
-8374
3406
4040
-6967
-9840
-5151
8152
1931
-2238
189
5995
-8281
-1489
9781
-6708
-188
-7441
-9071
-1002
300
-7453
9572
-9943
-4694
2878
9420
-8079
-6467
3563
6178
-134
-3319
-3609
-5274
-8676
1705
2166
-2647
9643
5456
5873
2033
1859
-6862
8593
5843
2841
-7452
7443
-9818
3918
-3105
9555
3873
2025
-6245
-2731
-6236
5344
-3780
-8810
-8070
7157
-3217
-3607
-1677
-139
-466
7874
5338
2147
3283
-5482
4842
3672
3620
-5865
-6576
2780
-5423
-6216
1979
-3937
-2094
4981
3093
-3671
8535
260
4627
-6954
6341
-9097
-3453
-9836
3933
8014
8861
2267
-1535
-1288
8055
2371
8365
2516
8816
-9821
5982
-1467
-7033
3067
16
-2801
5302
-8654
-1195
1387
-2427
7574
6340
-7402
5559
8438
-9599
-718
-8761
-2730
-9109
-1658
3231
6917
-4447
-462
-4175
-7592
-7617
1606
-3111
-6772
2915
-9572
-7618
4234
-4656
9757
7904
2760
3141
-7204
1255
4665
7782
-3751
-2894
618
9161
851
-4761
7835
-7625
3598
-3964
-6759
-1748
3166
-6885
-8995
-3175
-3279
5471
6052
-194
-597
-3855
2130
-9333
-6540
-2798
-4057
9952
9942
-3388
-9114
264
-8725
7729
5077
8368
7688
3128
9991
7798
9633
-2471
-8961
-3134
-5446
8631
2718
-3895
-3246
4531
-519
9435
-9580
5000
-564
-7327
-7251
-2584
-3597
-6770
-1801
-7740
1596
-9112
8541
9444
-1024
3317
142
1241
5566
-9930
-4560
-6550
5423
1343
7572
2438
-7768
4054
2936
6057
387
9947
6077
9336
2138
-9299
519
4449
-5662
-28
4082
9109
-4133
2483
-7574
-7819
1622
6465
-533
-3934
6448
-2806
4647
7669
-8328
5454
-5638
8919
5989
6414
-9293
2263
-6464
3115
7184
-9252
-2346
-3711
2970
8548
-3016
-7109
-8157
-7212
-9893
-7225
398
-8761
-7301
7316
-3509
5024
1596
-786
-9801
-1993
4366
9158
-9939
6110
9802
6308
-26
-5706
6432
-2789
-3202
-2183
-3752
242
-4837
57
-5720
-8722
3500
-7018
-642
-8471
-7944
-5759
-9739
5007
2105
-3789
-9274
-3864
-7365
-4404
2633
8222
5756
2229
-5593
-6494
-313
-3979
-5024
6847
365
-2813
-4994
-616
4791
-4466
-7788
4267
-7345
804
-5498
-7130
-7140
-2932
-7024
7805
-4861
-5210
1960
819
9751
1039
5535
150
8498
4789
-1926
8109
8390
-8551
-868
1456
9083
4358
-114
1952
-6166
3881
7276
2388
4510
-3762
-3208
-195
817
560
733
1664
-9608
6993
-6740
2736
-3957
8938
-5693
2397
580
-9423
-3928
-376
6668
639
-7401
-1126
-4760
-9326
45
9342
-2828
8682
-5303
6239
-2874
8741
2664
-290
-8348
3098
2346
-9079
8614
-6314
-9658
-7689
-8071
-9044
-7031
-6551
650
-7052
3775
-1649
-7756
-5111
-2105
-9288
-3144
2665
-2276
5704
4953
-647
1578
-5381
4510
802
-2697
4802
4915
8029
-7009
8021
3469
7383
3865
6029
7938
738
-7880
6276
-2949
-8341
-1839
3658
6907
6878
5096
7363
5175
9169
-4428
9623
7190
-5019
-7783
-3154
-4829
2115
7666
-799
-5283
-4420
-7958
979
-1971
3170
-4672
9705
4443
3375
3719
8402
-7521
-3142
-8070
-989
-463
-7869
1235
9736
9263
4384
-5763
-4215
7839
-1454
5496
-1072
3531
-8290
2049
-4547
-3359
-8452
4799
-5547
2207
-2348
-2426
9242
-4115
-1187
-1177
6581
5487
6019
-2539
5972
2043
-9007
9730
2146
4379
-3272
-8952
-4850
-6247
-9513
8800
2595
1860
1195
9999
-7822
5563
-8178
-1076
-4799
-4570
-355
-2897
-4843
-7251
8822
2758
1147
2192
7882
7870
-5082
4299
-2529
-3574
-5273
-8627
-4783
8416
-7623
-4035
-2327
190
-5942
-7602
8877
-6975
-8617
-8673
-5751
-5602
7751
5523
-9188
-7313
-9421
3558
-5178
-4178
-2852
2790
6130
-8080
-167
-7145
4256
-6794
-7234
732
6128
8220
-9792
8207
-3407
5138
9286
8639
8667
-9011
3255
-6995
5719
3777
4390
1651
1355
6380
-7168
-1845
6743
8619
-3238
-2606
5890
6018
1914
-4687
1870
-6500
147
1396
4135
5275
3044
5921
6236
8657
7842
5804
3400
-7709
6162
-5651
-2845
-8440
2105
1134
1975
-5289
-5924
2349
-7910
-6388
6588
6820
-3782
3929
-656
5033
8793
7282
-874
-8226
278
-2013
3216
7785
-2679
5470
9795
-5530
-633
-4362
8702
9747
3021
3948
-5348
5684
-692
-6457
-7758
2318
-5538
6564
419
7437
2882
-3124
-2144
9350
-218
-7829
448
5716
9498
-904
6919
2721
8809
-4096
-2560
-9000
-7386
-5414
-6215
1763
-5361
-4325
75
9373
-3598
3412
2255
5211
-8969
8659
-9918
-9965
-9004
9313
-2436
-4878
6666
-8915
320
-9563
-2349
3596
4922
1813
5887
7535
-2047
6778
-3264
1858
6816
8217
-4467
6338
1276
7770
3164
-9538
-7903
9413
-8362
8819
1717
214
8023
-3747
4016
4283
-5973
5931
-1220
3764
2055
-6273
9365
5670
3380
9460
3644
-7716
-2133
8413
184
7212
-8629
-6499
-3929
-1473
-6324
-9221
-56
-6559
-6459
4249
2267
844
6563
-4895
4939
-9172
-1804
119
5745
-2801
9624
-6491
580
-5662
-5124
-607
-4688
35
-1782
9579
6167
-2393
-8635
-6958
2711
-5634
-4141
8714
-1486
9270
817
-2316
4885
8355
1290
-8559
-9082
9281
-4102
210
3966
8196
7067
1149
1586
5598
935
2820
6849
-7491
7782
4365
-8954
2634
1261
1229
-5316
3000
7775
-4577
-272
-9695
6467
8772
-5623
-4791
5209
1039
1081
-4124
1990
-1009
1923
7011
297
8370
-5488
-9463
-9520
-2398
-274
-9521
-6812
9514
-3060
2126
-6416
4062
9439
-2094
7319
-848
-2255
-2603
9537
-364
-8289
4142
5867
-32
7882
-8450
3589
-6190
-7796
1484
-9385
9870
7678
9868
-6181
-4131
-6321
4179
7642
-7495
-144
4405
2164
-6139
-2515
3887
-9784
-3622
-1645
1446
-5476
-3883
9710
-6411
7990
-2752
8509
-5602
4337
-1814
9394
9958
5646
3938
2493
-941
1292
2448
4208
-8058
6928
8297
-9811
9038
-8772
8182
-8050
9624
5045
5838
8240
-6105
-7221
9857
-4709
4665
-1708
-5177
-4291
5244
2061
-9237
9648
8224
-3994
1215
971
6975
7142
-4172
-2466
-2618
8115
-3452
2305
-1310
-4883
-2068
8139
1499
8114
-1446
-5821
9185
2676
-800
2684
-3775
8122
8216
-6
-5502
-777
-7120
4143
7464
-1399
-1959
-9759
1817
-3234
9876
97
1376
-3501
-5057
7189
7980
409
9455
-6744
-2414
-4592
-5191
-3641
3837
-3157
7756
-8271
7084
6334
-7120
-7012
9453
9910
9084
-7783
7602
-1963
5086
-6130
-9630
-5647
4176
-8137
1142
-6990
-358
-4880
-2348
-2382
6978
3067
-1368
4889
-4377
-8031
-6793
-2340
-8948
6218
-4396
-1225
-9419
-7644
-212
9695
2979
-2741
-3
-8759
1896
7881
-5450
-8474
7454
2500
9578
635
-7707
-9078
2191
-7329
-1186
547
-2753
-6888
1064
3033
-7101
-5936
-8933
6676
-1441
-2090
7952
6679
-673
9737
-428
-7750
-7775
4578
-6674
8468
-2128
-5129
4276
1750
9162
-9431
2961
-8722
-8726
-7616
-4188
-6966
-2187
-8043
-4085
1688
-58
3990
-4580
3884
-7466
-7234
-2314
6506
-2486
-7172
-8257
5511
8625
-8340
4513
7401
-1073
-7968
-2170
1102
8577
-6594
6824
-2990
-4887
-1416
5172
-5104
-6194
7292
6785
-1718
-4984
3567
-9973
-9666
455
191
-6119
5201
-4412
9555
4942
2330
956
948
7497
3697
9130
3922
9735
7046
2771
-4207
574
-7551
-4294
3747
-118
6276
5820
-5893
-8147
-8580
2297
2596
632
8967
6833
-4504
-48
4015
6656
-9190
4473
1768
-3719
-3464
1606
-5669
441
-3450
-8225
-531
6298
2706
-7326
5766
-7814
-7958
2506
-6508
970
8826
1312
7293
9608
-9776
1650
-8003
-8855
-1072
-7011
2447
7708
-2456
8377
-8760
4249
-2188
-6630
-2013
-6828
-2306
2999
-301
6713
8162
-7460
-6809
5973
-1703
-2170
1577
7902
7035
-5105
-9440
-9756
1386
8922
9042
2844
7201
5349
3830
-9593
-1435
985
-1179
-7358
-1512
9769
7110
-3340
8798
277
-2376
4157
5578
-1386
2799
-433
-3786
-4257
8560
-2131
1529
9731
-7595
-2559
-1667
9490
-9730
-2366
8216
-4108
-2104
-7240
2079
4649
-3325
9520
-1379
3305
3695
3424
6050
-8559
6155
9135
-4618
-5194
-9388
-821
6369
6802
6405
-1895
-5509
8033
522
6697
4929
5518
8780
-3575
-415
7287
8312
5505
-170
-9109
-5481
-4468
-1677
-8329
829
-3971
-7251
8625
1160
-8774
-9080
-5476
-2694
-3352
7242
-1368
8817
2961
5399
-8742
-8381
3290
4599
3716
2042
-4186
-9099
8367
-5272
-6790
9523
2185
-2415
4278
-3056
-2647
-7356
-1029
1623
-4327
-7393
-2645
-3604
1490
-1518
9423
9018
-9131
-6500
1303
-5564
2900
-3424
-2888
2439
6160
-4983
9652
-2986
5089
8260
8641
2320
5033
-5778
-741
6083
3695
-1708
2837
-8694
-81
2185
-3436
3478
6
1688
-6678
3193
2839
3959
3274
4512
-8481
-3205
3152
3851
-1528
6457
6633
1394
6392
6314
-9331
-1963
3580
7996
2535
1955
-1394
-8058
7874
-6845
3138
6652
536
-5143
-2283
1291
2150
1306
-6477
5220
-8099
6316
7312
-9821
7760
-6886
8072
8707
-5215
-1318
-7226
3292
4107
-1026
4451
-2147
9041
5921
-9505
-2260
5245
6842
-1630
-5713
1726
-625
3452
7181
2916
4758
5291
8643
-5860
5256
1048
-1421
4980
2049
3554
790
2642
385
2345
-2357
9037
6661
-8630
-3405
-4907
6307
7797
1536
-8678
-2718
-1799
-5110
726
8457
6865
942
-4067
-1702
-9859
7099
6893
2146
-5524
-9696
9822
-6877
-8124
-1428
-9931
-3379
-2187
4313
-8306
-1338
-6537
-4002
5975
9457
6542
-663
4836
1060
-3865
4250
-3946
-290
5902
6694
-1875
9051
8254
6114
-3937
-2863
-555
3325
-3847
-6872
-6981
8229
6995
-3372
-7544
5147
767
-4704
2532
1734
-3898
9351
-5730
8275
-9311
8192
-1955
6783
5936
2112
-7966
8111
-8700
-7067
-4018
-398
7012
6728
-5601
4029
4632
-7362
5857
5622
3054
-9877
1584
-8246
-3271
-9719
7354
3733
2926
-2599
-7666
9782
-512
-5326
-4890
-9521
-9842
2883
-775
-2605
701
-2
-9168
-3080
5853
-1670
-8260
3965
-2848
8990
8065
-1155
-2652
-458
5996
473
-9655
-2035
-4385
3184
-7554
7256
9761
9653
6435
8694
-302
-9906
-1362
-6209
6161
171
-6800
1969
-8406
3961
-3411
-2061
7245
-8046
8603
-7087
4513
8902
3627
-7933
3404
-460
5342
5299
6574
-8341
-5599
-3115
-8276
7325
9913
49
4917
-5772
5008
-1602
-3258
-3898
-6142
5290
4087
-3471
4861
4360
5628
6649
9694
1788
489
8824
7786
-9608
2347
-2997
5471
-8654
-8365
8585
-7372
5047
-3678
-1084
5758
-3384
-1732
-3153
-6923
2606
-8956
-9225
-4810
-6364
-4187
2741
-5688
5492
-9641
-4761
2510
-2760
-7830
-5435
577
-1951
9386
5137
-4204
-3244
-9093
-2126
-1084
-9802
1682
5692
-9439
-2826
5996
7300
-1580
-2532
1887
-7980
-7493
-6658
8134
-5771
-9060
-2653
-5987
1979
-9518
-2632
2208
9699
-3470
7526
7544
1722
4246
-7334
1983
3582
4828
1117
-8974
5007
1117
476
5355
-4507
-8134
-3161
-8034
8979
-5646
-9584
-177
-3139
-9660
-6964
-7462
-3565
7456
5576
2493
-10000
4252
-3196
806
-1494
7002
7158
3615
-219
1347
-2782
9330
-8259
-8917
-4222
5351
-8941
4850
-9211
-1871
-4302
-4981
-4458
3804
-3116
5703
-2921
-3256
8732
4417
-1096
123
2726
348
-5501
-8272
5616
3867
2185
-6414
-2806
-8418
-3312
3545
-6309
3774
-4415
-9736
9668
9806
5960
-984
-415
-4240
-7876
-6809
8420
7394
-4333
-3674
-2598
-9806
-2302
8032
8015
7031
9778
1017
-8342
-6545
-6691
-8172
-4885
-2671
2668
4951
5404
5631
-567
1321
8753
-8877
9040
-2554
-4528
3373
-6636
4606
-4626
1435
8114
8228
6435
-7220
-936
8956
966
-254
-6147
8431
6954
344
946
-821
-6264
-8154
-3705
-2
-6266
-5625
-1405
-2188
-8549
-4909
-2400
71
8429
1365
2236
-3136
2858
7515
3236
2908
6846
-5386
9582
1186
7867
9740
6921
405
8542
-2721
-78
7222
-8809
4783
-9496
710
-1943
-3294
-6868
9973
2447
-1991
-4680
-1623
-9526
1727
-2549
-8562
4234
6490
9865
-7913
-4529
-2896
659
-5706
-4807
4502
5863
7550
-9585
-5944
9213
2130
0
1952
9594
2565
-5628
-3209
2839
8650
-6979
-6054
8252
9151
-4691
146
-3466
-134
-8968
2585
9940
2858
1699
3623
-2779
2828
3467
4446
7757
-8722
6655
1457
-9063
-9324
9446
-5894
6459
-3555
-3812
4801
9581
3589
4234
-9473
-8826
2670
-6151
-6518
590
251
-3886
6007
-9983
-9861
-1999
2911
1706
-2044
5444
-575
7738
2842
-8177
-5293
689
3505
-3744
7022
1148
-2528
9299
4002
4329
-2872
3498
-7270
5273
-1654
2658
7986
4105
-1335
-2787
-5050
5048
8024
1635
-4333
-651
968
-8945
8320
-659
7998
2655
9744
-5170
-3863
-8792
4135
-7414
6968
-1878
-9931
-3251
6064
-5130
663
-5709
-5805
2290
-3924
3725
832
-7457
-527
752
2439
-2771
-755
-6968
2782
752
6538
4165
4161
1442
5676
3169
-1947
-2118
3431
5875
-2332
-7721
-3590
1117
3250
7045
731
-3166
-2889
-8217
3505
-9362
-4003
3595
2488
584
-2601
-3713
1355
-5000
5219
498
7783
-7004
6519
-768
-8839
-6325
7774
-1431
-8348
6976
4637
1581
1231
1550
-9430
4994
7173
-2117
-1059
6440
-1660
-1284
-6382
7873
-1132
2423
238
8458
-3593
5094
7062
-3706
-7039
2023
7764
-479
8522
-3821
3596
-2749
-4015
3428
-9324
5802
-7731
-8406
4929
-1972
3188
3123
-2572
5264
-475
-1501
4808
-6281
1067
6240
-8327
4002
3637
-9721
3878
8822
6441
-7900
-3964
433
-3533
-391
2544
-4917
-1403
3285
8347
-744
5288
-9678
-9575
-5729
2241
3255
-3060
4492
1834
-3251
-3167
-4504
9970
475
-2640
7630
5450
-9850
-9399
6689
3476
-9107
7
9734
-9643
5141
7377
-7388
232
3360
-2238
-3530
-8986
2573
-7934
-7441
5737
5512
-5263
-8238
1232
6296
9512
4040
8465
5075
7828
-1505
-7382
3370
3526
8633
159
-5779
-3306
-1896
-7261
-397
-163
-7679
-1374
7
-2952
-8145
-8885
-6597
-2344
5281
7766
5939
-2149
-6574
1829
-3944
-5247
4677
2126
1730
5493
9248
-886
-6980
-7487
5689
-1924
8748
-6298
7753
-8385
3705
3604
7545
719
-5825
-1935
-378
-9206
-9761
-8760
4664
-2422
586
-3088
3958
5191
5091
6518
-5406
1597
-2041
-246
3316
-5844
-5440
8832
4208
9041
710
-7098
-8066
-2089
-6512
4405
1197
-7639
-7229
4345
9307
-3523
-37
-7622
-9578
-9469
7651
-4790
-9644
8977
-780
-6124
8213
-9804
6132
-2183
-1026
6613
2365
9369
493
-9303
1674
-2818
8183
8945
-6019
3855
-8844
9966
2779
-323
4785
-3238
-2944
5273
-5904
-4862
-653
-8073
-7681
2052
-6705
-798
-684
-8087
-6501
1152
6304
5989
1535
-2735
7416
5501
8907
-1741
1873
-6926
-6453
8631
3571
8432
2818
2494
-1377
2747
-3733
-1022
1766
8753
2223
-7612
-8753
2108
5764
3101
4001
-384
3253
-3581
-1580
1409
-6989
-7961
9255
-7474
-4423
4086
3935
9592
-4888
517
-797
-2370
-2988
6509
1662
-8436
6829
8870
-5596
-3223
-185
-6270
-401
2473
-8727
-6887
5669
-5486
1903
2345
9523
6870
-4556
7298
-2870
1283
-9133
-2825
3912
8893
-8305
-6814
183
4074
-947
338
-8257
5895
5608
-5037
-9448
2120
-8326
-7564
-2025
-7095
2308
-8017
-8857
7173
8068
4861
-1823
9084
5409
7356
-1223
1641
-9953
513
-4438
-3671
9214
-3660
-7197
6698
-5529
-1498
2828
6781
-7145
315
2544
-8385
-3855
5189
-2665
-8514
5437
2055
-3128
-6524
9542
-5138
2496
6984
3522
2386
-9712
2753
-8182
6697
6449
-2477
-9276
9002
-6923
-1822
863
6754
-5774
-2165
9201
-1711
-2527
-8007
7162
4991
-9157
7985
-3736
-2208
-8788
6582
-5464
-313
9597
7922
-5657
9374
1605
-6151
-9036
8026
6760
-1249
1366
-2463
4147
-7725
9787
-2672
5333
6517
-3822
-1845
-2391
7268
-244
-8577
3843
1975
-1150
9535
-5314
-7279
-6826
5428
3856
7664
-17
1104
6924
6472
-9828
-8743
8945
6519
-4445
-5036
8778
8478
8386
-4454
-1693
7691
-6719
-5291
-3085
983
-941
-626
-971
-9698
-1505
2398
-9837
-924
-7566
-634
-5822
-2853
9068
2103
2953
2152
-4418
1139
-6609
5307
-4685
-9501
2077
-5762
2926
8084
-7221
-5835
-9592
-4603
389
2478
7969
-9084
-5807
-8984
9823
343
9761
-793
-4283
2651
5459
6578
1303
7441
2621
-7161
6938
2380
-4618
5185
-440
-4299
643
-7731
-6348
-7000
-1091
4045
-1885
-7157
-4436
7486
7795
-3395
3823
3772
8885
-3148
-5998
2002
-4543
6652
-7244
-286
-1163
-1454
9775
2369
4244
8621
4029
-937
-8238
-3088
-1492
3565
5384
-1928
3603
-6613
-9001
1520
8656
-5136
543
5742
-5416
1569
317
-3866
-3175
-2247
-8966
-9900
467
2165
1768
1506
-8112
-6654
5963
1015
-2868
4881
-194
7365
2632
4461
328
3687
3326
-8464
3995
-5893
9871
4793
6926
7002
5315
-6730
291
1201
-6233
-7821
-799
-7290
1328
-2213
6211
5200
1159
5627
3899
4427
5835
5049
-8628
-3036
5220
-2978
9806
-5847
2749
-1037
-7577
-1585
-6800
-5100
5565
-3485
9705
-8244
-1656
6627
5105
-4473
-5782
4075
-2624
-846
-2966
6572
-1700
3701
5804
4588
-1172
7454
8258
4862
9885
4154
-6442
-9246
9201
9152
7835
2600
5555
8421
5474
9145
182
9171
-76
-1973
2503
1085
6984
4989
-5433
4997
-4856
-4114
-4619
-1348
-8535
-1156
-5428
-8188
3505
0
-7105
7392
853
-3171
5842
-7372
6497
-4034
2822
-303
1638
-5227
4789
5977
-8818
7896
-4690
3626
6128
5112
5415
5356
7101
-9586
-9444
-3510
-6159
8494
-2843
-324
-6130
-8478
6159
-7646
4636
9974
-1502
-3993
1927
833
-6335
-9590
9510
-7141
2258
5525
1953
2856
9082
8541
5209
-6729
-6493
3051
5327
-9002
1432
987
-60
1392
-1381
-8238
9177
-7200
639
-433
-1408
-3790
-1604
-7859
-5346
5842
2170
-7545
-1119
-5994
-9747
8465
1401
2223
2517
3954
4661
-5473
2716
8073
3009
-2616
7514
-2156
-6123
2284
2933
-8592
4180
2834
-5805
9532
-3529
-2915
-5334
6338
1413
-1430
-3634
-8043
9331
-3854
-4514
9263
-3953
3630
8286
9612
9968
6364
9014
3932
4628
2976
-1933
-2425
2977
-9319
-4097
-1279
-4392
6338
-506
7768
5247
6493
-4538
-1556
6556
-7892
-6485
3053
-7077
2373
5889
-7868
9734
-3432
-1939
-4164
9562
8186
4583
-6753
7046
-3450
5494
2619
7038
-5296
-8665
-5059
6099
-8178
7632
-995
3365
5216
-8546
-8170
-4686
7405
-3612
-5637
-1838
-8875
-8625
-6305
-7978
-5260
-8760
-3059
-621
4250
6070
9703
-6996
1575
-7458
-7016
2093
1536
4365
-8317
-1849
4070
-3799
-9109
-4937
7280
-3101
5766
-5436
5065
-4337
-4195
-6958
5850
-2243
6675
-8710
8953
4293
602
-6028
4301
-2811
7774
-8543
6901
-1532
