2481
4127
8182
3732
244
5522
6216
3841
6279
7600
2460
5824
5196
2885
9712
2977
8699
1955
7748
8506
2840
9731
4246
-470
8969
3445
6122
7308
1944
9469
6200
6385
7753
5183
1434
-19
6636
787
8523
1415
-431
9944
2202
362
767
1066
-9
5902
3212
8075
3594
4827
7472
1122
7569
1534
9552
3011
8325
260
245
5952
6119
6557
2201
6723
2364
2160
5665
7571
3936
6970
9535
8201
60
3692
6424
3744
9949
1978
9293
3431
634
7328
360
5963
5457
6267
673
9528
5558
7143
4648
923
7445
6326
4509
5390
4698
7
1753
1382
8003
3759
2517
2823
2140
2192
3460
7635
5083
6810
3502
3207
3183
396
3317
4808
-152
3082
2594
2121
7649
3715
2727
2628
650
7625
1862
2601
9367
4721
5309
2801
6209
9669
6003
6561
9110
6265
4632
-9
6991
2979
2579
3899
7484
522
5151
3921
5143
4855
2753
6315
9114
-194
72
585
7534
1454
3371
9880
1977
9332
8685
9154
7166
1378
9779
5717
293
3129
1219
6660
-46
6425
-488
9148
3528
5654
9017
8856
2950
171
834
7190
5292
7571
4002
-394
8680
7960
2816
2683
1773
5784
9628
5448
6497
952
5193
9546
3452
1761
1789
9218
4219
3916
8175
8060
9901
4433
9659
9589
6939
7638
1977
6788
4931
7904
3813
5971
423
2892
5934
5039
7183
343
6572
2531
291
4681
6439
9893
2096
4469
9691
1855
6444
-240
6786
5920
2107
108
1529
-336
5563
7936
1580
9382
1536
4277
3937
1961
8801
2466
6755
-33
1720
2069
7418
9610
-150
1408
1621
2699
9095
4053
2421
4920
7499
286
7292
3782
6503
346
7019
804
-427
8841
2268
8488
1800
9245
5842
1343
7670
7742
4241
3624
5805
8689
2269
7041
5423
8322
7483
1163
2764
8755
-36
8111
3779
7201
3430
-341
2325
5487
9927
9276
2650
6710
1982
8494
2464
4429
7086
6919
8241
1672
949
8905
2779
9484
-214
5854
9891
74
5675
8471
3786
6846
9063
6600
3324
2545
721
2794
5767
7710
-162
2273
7441
3070
89
3778
6690
7859
2184
3009
6910
8958
7439
3778
3259
9967
4674
9839
9443
644
3425
2618
5980
2671
120
916
1360
6470
1471
1263
5656
1494
8468
8137
-347
5870
6798
8620
7016
2049
8306
8482
2207
846
1357
3926
5215
6423
6969
1377
6080
4015
8064
6397
9533
304
8563
190
2911
9715
6764
2154
9706
3414
5853
3665
9550
9176
5850
6219
8717
4667
-481
313
4733
8997
3054
7173
2577
3651
8162
5824
1349
1172
6131
8102
4888
7594
1636
485
5840
9857
7790
4330
7234
-36
6337
8195
6571
1959
1172
3605
8575
4325
5130
4051
7836
4375
4156
7879
7829
4416
5841
1535
9857
-270
398
7994
6911
3657
5331
6296
-302
-393
792
4154
2756
5615
395
5985
7678
1067
7806
2677
2881
9975
2852
8166
7479
4059
9482
5290
6486
-294
8555
1838
9457
1520
1486
3980
4669
5067
1842
1026
1546
5696
7764
1221
9717
8245
5190
6803
9533
5559
9857
2893
2528
5409
1286
5431
6626
1110
5976
6796
8938
942
6377
2958
8564
2592
6662
9994
-172
3644
923
-167
5696
2112
1375
3445
-359
3510
5676
-258
4826
2120
8005
6948
3169
4672
463
806
9806
4916
2877
6533
1682
8410
1197
5400
8227
2420
9029
8545
5960
-256
6563
7502
201
8427
9062
8770
5123
5357
7245
7620
9363
5186
7834
3033
3101
7838
2852
5816
-260
3961
6244
3703
5138
2965
1767
9584
9978
3515
7913
6014
4633
4222
2550
3271
6030
1028
2832
508
5487
2331
700
5068
2800
6478
1527
7234
4295
7722
517
5968
7918
7259
4807
9156
3062
8279
8391
639
5966
7
8341
8172
9268
9745
-164
7824
1307
192
6226
5068
8238
8814
696
9035
3293
1965
6947
4717
5456
695
2342
6324
42
2694
1102
1855
897
6764
9606
181
1910
1414
1211
9911
2662
2490
1898
5778
6312
6380
7400
4295
5583
7913
979
4916
9083
1887
-25
5046
3947
1609
8043
3520
900
7670
6756
6534
5432
3353
2477
3020
8430
5008
117
1206
-200
-358
1831
8166
2091
5431
9917
2212
2749
50
1063
4298
9470
8776
9071
7899
6951
6861
9633
5751
4816
5902
9659
5182
7801
8680
24
205
9202
4367
8711
2654
4119
220
786
7891
3742
8677
2262
1598
1694
4784
3269
914
2380
7645
9149
551
1479
6539
3875
1389
-411
7930
4346
9390
1028
165
2561
8484
4318
6601
2326
1364
4209
7658
8355
7262
838
5644
5236
6310
6635
4251
3361
6692
6575
5417
5659
649
8689
6485
6110
5141
9965
148
2839
241
6859
6518
8258
7617
4244
4988
7804
755
2069
1220
9692
4274
2970
7357
910
7064
9969
6249
2862
7327
388
9548
6398
5403
8222
7270
8756
868
2168
-166
7330
8422
3709
6769
8324
789
9214
6279
7293
4806
2853
9331
4915
2600
5325
9618
5189
3339
6426
8550
8935
415
7138
629
735
7452
9072
3211
315
1757
3256
60
8472
1866
4631
1448
6819
8628
6348
802
2284
7998
520
5203
2634
7930
1372
7029
7296
488
6983
819
4116
-474
9590
1590
4192
8160
8844
6148
5186
9119
9095
8327
7493
3318
4492
3798
4134
9644
8062
-447
1495
6338
3699
669
-468
8875
3327
1674
1180
7994
1861
2871
2176
9822
7584
4293
8668
287
3454
3937
5473
8998
2528
9293
3660
6821
2996
4246
-401
8349
7698
1223
3964
4263
9637
390
5178
5066
6652
3562
2489
1291
1731
5259
3031
217
-49
7239
5716
9113
1681
7225
5154
3592
8694
6077
7101
7412
2880
3885
3391
7791
6089
518
2334
7162
6378
1590
1931
4569
5228
7075
2174
7383
678
9737
1881
6242
2817
9771
1783
6722
4100
9522
8465
4285
9796
9435
9683
2310
6947
9468
4131
2708
4910
2546
9896
8749
4340
2657
8304
1029
386
2326
2780
5470
2532
4091
1281
4674
7115
4992
2833
7762
9734
5998
8780
5356
9130
1495
793
1497
4133
541
9830
7844
4783
3196
6935
4199
1537
1826
2425
3257
238
9686
6384
2794
4228
6464
8465
-91
2313
136
6810
5345
6006
4449
2715
2943
-369
4544
4492
487
847
9685
7863
2067
20
4465
8215
720
2552
-252
3384
6330
8494
9314
4671
3189
3911
9787
2293
6524
647
1916
6128
193
3862
2010
1590
9678
8561
9925
2312
7695
3781
798
8171
2322
9574
5238
555
61
6362
2509
-117
5683
8248
7844
8602
734
5605
9238
-22
6823
2566
4228
2712
9322
320
882
861
2425
4830
5838
539
3728
7002
716
6740
6176
3957
6999
7596
3216
6403
8380
8819
6564
2069
194
8233
9569
1873
9222
9116
9231
1877
2105
3438
3260
3590
1351
1948
1886
6307
6151
4242
3645
1089
5735
6875
4012
9241
8259
2956
1602
6199
9149
8665
7380
4185
8786
1294
5589
9208
2098
461
186
5165
5088
8034
7244
8634
7390
6407
4243
881
5346
6805
9829
8885
4507
5832
7863
7117
5146
8157
1671
6288
3798
1216
808
9286
4064
4402
3201
7846
8600
4360
2853
7238
9605
1902
5927
4237
3282
2994
8694
2193
-6
3584
6851
5676
3435
1502
9847
1689
5465
4322
6930
2630
9260
8329
2259
3690
3551
3310
5148
1061
5404
4554
9626
6061
4511
7571
8503
371
1915
6514
6845
4854
9662
7212
9480
2445
6422
2709
4957
6272
5876
4825
826
6311
8552
298
2746
9233
321
3186
3363
6567
4507
3704
8700
922
211
4491
1216
4018
8685
3827
7749
911
1589
3222
2203
3785
1516
5430
5818
5175
292
3506
1566
9689
3719
8300
2557
3670
159
9189
7386
1370
6168
5718
5969
7217
8116
2923
2077
5591
8332
3814
5472
2569
6860
1860
7568
5897
-237
9755
8045
1084
7684
-402
1179
7165
7737
120
7718
5203
1070
6199
443
4259
1647
2860
9115
9200
4963
7404
9959
6016
8515
-49
7267
3583
6766
8550
5532
3885
3127
2091
5461
9079
509
3509
1865
3005
7260
7493
-499
8332
9845
8478
813
5173
8203
2548
3699
1405
3431
5943
2363
829
4302
7562
7384
1945
2185
5268
5908
1863
24
7453
8586
708
2333
5775
2040
6066
13
1611
5348
8362
8805
-298
1987
5502
6375
7164
3066
9656
1165
2705
5032
8003
1598
7409
4529
7976
3031
6558
2702
517
2534
1151
4454
-284
7176
1780
8181
3813
9941
137
2435
-46
4149
7567
4132
1067
38
6200
7814
8026
6811
651
4916
5766
9168
7698
9574
7712
7925
-31
4378
3424
-468
7296
380
5936
1648
3511
481
2325
3059
5036
2597
1582
2966
4000
-82
2526
4030
1244
6857
2883
120
5041
5027
1616
8387
1965
8873
1147
2101
1126
5191
1508
2499
8890
8763
4624
79
646
3904
988
3956
6223
7714
2715
4822
8611
8618
1036
1979
3299
1224
7168
9881
5218
9902
7758
8472
8470
-413
1636
7257
5189
9427
4606
4872
6676
5319
8298
3644
3839
1213
4365
8837
8414
6947
9556
7868
2660
17
377
623
8462
5002
9239
7925
1660
8914
3507
2654
9619
1346
4964
3448
4942
2665
577
5274
982
5647
3459
9964
2467
890
1566
607
9820
2927
5966
9037
9789
7801
-491
533
9865
6947
-159
3974
6625
5622
421
3374
2580
4240
-50
8016
1104
4424
3356
1591
966
1916
6148
3287
4960
5989
6574
4899
7827
5400
4410
7934
3851
7473
6921
9428
6459
3730
4315
5195
8971
8280
9258
8713
3138
4677
8102
5808
6651
870
1111
1263
2111
4673
3472
7709
9817
9750
8653
6927
4273
9907
4987
1204
9326
4614
4354
9245
8645
-285
4951
4010
7126
9495
7092
9870
7377
6832
96
-298
661
6690
6764
3019
971
7652
2957
4897
7524
6653
3282
9355
7239
5972
5298
-327
-433
6149
7430
3641
2688
490
796
2317
2122
9815
9666
9214
651
8045
4082
6298
2576
3903
6630
9270
7603
1893
5480
9788
1290
1727
7705
4307
5075
3824
1900
1916
8221
2886
1586
5325
6863
5259
3198
6702
2453
222
8468
3657
9399
6272
7804
4077
5886
4767
1828
4200
9810
8020
7280
2003
9453
9277
1151
1760
7904
6751
3528
3434
5348
8492
8305
3321
1867
667
5006
5465
5614
1717
5652
9929
7620
5297
9024
6695
6758
5662
4874
9525
3029
3129
6599
3132
5938
340
-467
1119
8314
6227
7433
8130
4983
-274
3548
6238
8426
320
4056
7326
8680
4661
2387
9412
845
9607
9742
4852
9556
6737
3924
9535
7919
7691
1970
6974
1484
7244
974
1459
10
2899
3885
5096
2773
191
3633
1320
3957
6554
5187
7490
9731
7468
795
578
8750
770
5564
4850
7360
9861
8751
4466
3953
5097
8698
476
1963
5685
5786
9371
1970
-447
6945
6200
2322
9802
3016
9844
552
4558
5938
5125
8263
6207
4064
3984
1128
8121
9438
4304
7126
7663
173
3326
5760
675
8991
4925
-448
3232
818
4556
8540
8533
5131
7304
5710
1479
-295
2840
8116
3033
3050
3481
978
1651
9276
324
6118
2530
2835
7385
2062
2517
9802
5565
3670
7532
1093
-98
7447
5744
9044
832
5501
8564
835
1040
558
6569
1634
7922
-233
6493
984
5937
7451
6591
4769
3437
4307
1656
5814
3844
3221
4739
1298
7013
8300
6303
1658
7511
6303
7423
5795
9703
4914
4413
4711
8058
-343
6237
9182
9012
8997
2289
6737
-143
624
7007
8683
349
971
7336
8218
6588
5364
121
98
8342
4185
2841
179
7051
9506
8687
6618
2868
7481
7179
7096
3073
9997
4132
6934
3073
971
2544
1254
-100
8269
7910
3829
8213
-34
9365
9071
6812
8867
6280
6733
136
6918
5852
3626
9571
-376
385
5636
710
8220
-294
5928
3156
8780
4219
9699
9932
689
9708
1462
9250
7963
3420
5672
407
7944
4211
3935
8071
2644
-258
5101
825
8954
5621
-455
8553
6103
4685
3770
9369
398
7653
8112
4764
3333
4103
5570
9280
361
2997
5529
-66
5139
1764
2841
5837
2426
3837
2053
5894
8894
3713
8201
2114
-224
5507
8470
6214
7652
7781
3491
7717
8196
5896
2348
9715
3303
8595
9745
7748
2312
4619
846
9909
6790
8584
7177
7588
9117
3480
8026
8746
2624
1262
3500
5155
3814
8041
4674
6232
3863
6180
1738
1713
5766
4273
348
5850
7348
8059
9615
578
6588
4548
5222
7054
1172
-187
1717
558
4464
5533
9858
8860
1715
8106
3810
-225
9004
4569
4151
2398
9586
2741
5464
4514
-162
7394
8672
5043
2971
8083
1571
3
8404
368
2828
2826
36
8986
9260
-418
6841
1858
3493
7646
9466
-198
2807
4861
9345
3662
154
5222
9011
774
6499
2023
9673
8269
7935
1196
6650
6645
1633
5584
5693
3454
9034
33
8154
4998
6314
3570
2837
9013
202
7634
5493
2110
4790
1244
4327
6245
7509
7685
1476
4474
8761
3843
8377
8182
5357
7264
6728
6613
3031
644
3620
5673
2087
1975
8022
9860
7575
5056
482
7673
5825
5011
3724
4005
6977
6327
1320
1727
9483
5452
5605
9211
3284
3962
8983
4417
6335
8818
2557
8776
1789
7672
792
4162
2016
2357
3574
9921
3184
746
6495
2413
1165
-100
4520
3031
2220
4305
725
2691
5939
8256
7801
1789
1082
3125
6325
7649
2571
6966
4319
5516
8646
9364
204
7519
2084
7585
3928
9342
3059
5285
-67
7507
9332
9948
4278
9763
9488
8816
7095
5738
8709
3966
9401
5374
4366
5982
-8
658
987
-220
350
1613
8770
9809
9221
8709
3044
9811
6114
3576
9515
352
3700
530
1323
7272
2497
2486
4850
6687
4711
3364
1702
3153
5783
7805
4843
9243
7158
9068
3961
509
5121
1586
4073
7100
5339
2322
4572
1303
4049
37
203
1178
3147
1739
3563
1990
1763
8779
6601
6269
7360
8125
2390
6833
8488
1748
4929
4439
2807
51
8187
5470
-156
7043
408
6491
8441
1744
1777
5851
6661
584
4025
4892
480
8181
8862
497
9842
5768
4890
3719
9333
2932
3055
8017
2487
-318
-50
5992
152
4362
7162
-295
5663
6999
6580
3534
6647
7608
-29
2592
8622
9021
3105
4192
4602
459
-106
4512
7654
224
3172
1744
7603
3263
374
3185
4926
4925
8764
8576
651
170
1511
1788
8781
8296
427
9120
3053
672
-124
7591
5947
787
8224
9353
1426
3707
9864
1935
9519
220
321
2904
2929
2383
3869
8988
1536
7373
9509
3538
8456
367
3948
7365
4043
5051
6154
1336
-330
9090
4239
6021
1862
5822
-66
9707
9358
6837
6026
3709
4147
1928
6669
5663
9764
9961
256
9425
-73
9079
5384
3195
3664
1178
5427
9377
9762
1027
4644
5564
1177
2448
2858
-178
208
9317
6718
2828
4433
8233
4115
6721
2264
626
4376
-236
7956
8162
1110
1209
3047
8644
9679
259
2911
1890
-247
7003
5022
1152
1382
9256
4941
1836
5854
83
1387
7423
8415
3768
7817
9608
9381
816
7806
-220
1291
6924
9889
5147
2492
5470
6554
3032
6999
838
7710
8192
4684
7076
-83
6678
3020
101
-36
9420
537
4125
9770
7301
147
8110
1203
7863
9981
5705
3625
-21
1449
309
8276
7091
9309
4980
990
5974
8112
9280
8352
8084
3946
2351
6568
1316
6423
1022
7794
9978
625
6065
7271
4685
2819
4415
2907
5601
6580
2676
9046
6499
3644
4888
1327
6908
9628
2368
7507
5076
9261
4268
730
5926
9947
3003
1992
6547
-55
671
3940
5593
4397
1464
9050
3154
901
3568
3861
9965
3545
4212
5155
2651
1243
6301
1749
7744
4358
8493
4800
6208
-127
9346
5287
2595
7131
4904
5109
2562
5509
1973
5841
6202
6861
5845
3010
5396
-492
2720
8632
9819
3456
1391
2374
1672
6755
-438
5336
6928
6756
1662
6476
4493
8080
1221
1870
1332
339
2182
1247
5153
4020
9451
9988
2080
1775
8743
-206
1062
7225
1035
9153
-237
-180
9291
460
5187
5270
4011
4455
4673
659
2827
-64
641
2762
4545
2009
4826
4671
5728
6322
8178
2894
1687
7040
1127
-376
6770
8809
9313
9656
6301
831
6340
2127
187
9484
9390
5222
-441
8413
1808
8519
6804
1109
3474
5825
3955
4841
9289
376
6224
7324
2594
2566
7638
8576
6872
5340
505
839
6371
1222
7086
8702
5397
8328
4292
5565
68
3378
7772
3602
8101
7390
6767
7466
8086
9489
-212
6246
9438
1488
8750
7432
755
6156
2807
1841
7540
8534
5122
5477
7108
4446
286
9316
9903
7476
2245
1581
9389
7366
3500
8219
6640
2288
9461
1282
7428
301
6703
311
924
3146
2886
151
469
6407
5600
3400
7927
7145
5450
-129
6135
7399
2808
768
6284
4332
7239
6763
8162
1514
4854
4575
9260
6718
7452
6012
8842
5163
9226
2738
6211
6015
6321
326
4014
5223
2146
1727
5626
7361
3564
4656
9481
7165
2079
8323
2805
2235
6995
-221
5491
8696
4067
2281
8770
8977
964
1388
9214
4675
9046
9452
6760
6347
9495
312
220
1369
853
3983
3076
745
3050
7388
9925
3190
5577
5077
5900
7682
2057
433
1455
635
8057
-292
6204
3388
-24
3179
-451
5918
2927
6458
4910
8400
8071
1666
9293
4001
8746
9519
5313
5835
-383
9339
6896
3745
1744
356
2632
7960
9320
2101
1189
3111
5672
2905
7021
9933
-233
290
4456
1795
5920
2444
6350
172
6842
-338
5804
8549
8237
9031
1619
3741
2190
6752
3093
2769
2917
7083
1551
8025
4073
-88
9921
2925
1018
-59
590
5337
8458
613
-234
1069
4404
6163
9021
8086
119
7121
4230
3726
1367
7207
5927
582
3295
6431
6566
21
5009
-499
7573
8513
8203
5338
187
4066
4217
5622
-51
613
4180
3773
9840
6112
4525
3608
1419
9252
8893
578
3102
6632
6987
3469
8092
2836
5733
9228
3760
4899
6670
7961
3875
6921
795
5320
5230
9779
5786
4160
7569
4754
1072
7126
8359
4970
-110
7887
4021
8358
6999
-162
9278
6903
483
2173
3698
3811
6918
8439
1436
6257
335
3542
443
955
2073
6673
7863
8295
-154
2784
5356
8565
6591
7621
-373
134
5200
6878
9778
9575
6120
-204
7689
7268
5695
1381
6211
9444
3065
4987
4244
9198
3814
5237
1225
1594
3373
7594
2675
4903
2502
4028
4316
5094
2571
5252
7519
3137
-423
4387
1004
1602
7533
7614
6919
6880
4692
908
7430
6011
1346
4766
2928
1452
7120
6431
6253
9670
1307
3184
3086
8657
1508
2579
882
935
-430
9667
436
5095
7048
9504
3167
-392
-113
9275
829
1092
8615
6978
2784
9066
1134
9397
4237
8407
3256
1886
9134
2161
8866
7662
9064
1874
3828
7570
9288
7651
4656
6945
9971
1025
1286
4122
6520
5634
-33
2928
9328
7682
3749
3722
5465
5870
175
3004
-364
9656
-263
3319
5908
2154
9488
5961
6517
7159
9823
9002
139
2346
334
3658
-316
3214
7489
2108
6857
5332
4045
5333
4126
9819
3495
4192
5518
6277
6299
7258
2419
6435
3231
4986
2523
9937
846
1715
1514
8883
9192
8704
7297
4363
2813
7842
-422
7013
1229
5378
4376
252
2918
2882
4989
4728
5416
658
2776
7533
3291
9821
181
1890
1133
1024
1136
855
-451
2651
3038
8056
3624
1292
1734
2322
7687
346
6436
7
2949
6339
7447
395
1347
2486
2822
4367
7992
7430
357
9179
8725
6800
9345
7776
4890
4784
2635
-130
696
4875
7341
7436
1957
413
3061
2369
2934
2823
3727
3407
-256
8321
6775
-448
2589
162
7056
5543
6371
7334
9354
2508
3787
2956
5961
119
2391
7779
4322
9428
9542
9009
9908
1317
9787
363
8103
9866
5983
5081
5763
6086
9202
6501
365
6685
7046
8918
5856
8850
7176
8245
9055
7050
7511
8776
9732
7375
1637
8971
6387
5484
715
4277
5423
4930
5239
2993
1011
7058
1134
4674
2977
9402
3371
9881
6046
5675
6953
9786
697
1080
6047
6685
8886
-426
5525
8892
5462
1497
8771
8466
947
5319
5602
3531
6761
7334
4708
5514
1810
-96
8045
8563
5790
9929
4514
2125
6712
4606
7875
8783
8261
3169
4224
9705
-400
6402
8412
6020
3707
5978
1678
7403
7944
960
5526
1358
3871
3198
1979
8493
4671
1720
4440
1088
1070
1749
1992
4404
2978
5374
4940
-125
4358
4637
8957
9729
3840
1079
1028
7013
4920
9650
5404
3777
1548
9277
4344
8761
6078
5430
7718
629
6170
6162
3751
8109
3165
7143
74
7614
6044
9728
8691
-418
-425
1600
8927
1466
6768
2490
6792
2200
9189
1902
-466
748
2731
394
1381
1827
-489
885
9695
4533
2730
6533
579
4653
5684
8668
9612
7153
258
196
8093
3624
5644
6477
3123
6313
2017
7207
4809
1687
1295
5175
1416
6674
6922
844
70
5577
5688
-458
8843
9030
8545
2063
3527
9831
5211
-173
1289
2974
5682
7549
2949
5048
7386
5126
9674
6116
3398
3533
7264
1585
4322
9095
5743
1503
2418
1862
3130
-319
6578
4903
5266
9953
9304
6307
8753
6862
4088
8102
7058
557
2898
13
1316
-29
4040
5254
5998
3279
9817
1562
3163
-106
8755
-244
4600
5365
2917
4797
1668
6241
6414
7962
1856
2129
6090
3074
8397
6934
3794
2742
6145
5027
3394
3748
616
7634
9262
4462
9585
9741
3140
2893
9421
6408
-372
8783
2248
3930
5010
7465
1199
990
8253
4822
4131
191
877
6830
776
748
2232
3458
4087
6868
5592
1754
2073
7627
1003
4943
1394
1550
9984
7875
4907
5893
2967
6620
1269
1791
7408
1976
7670
-209
545
5955
8659
2953
3092
5485
2039
7799
5733
458
7930
2381
1554
7727
8959
5576
1823
9206
4539
2256
2704
5959
9790
3445
748
8948
2209
2435
8478
3274
6854
5883
2064
2005
1057
2384
830
3357
933
6238
2084
7496
-220
4715
9395
9066
321
8682
3490
-52
-481
576
7586
5056
9981
8855
1804
1597
3081
7466
9314
3263
2327
1625
7349
5595
9404
9984
765
6430
3916
3765
3911
8356
9020
2292
1812
5405
1352
7863
394
7332
-310
8639
8139
9776
1881
7429
8697
6328
301
8748
8589
4750
678
6390
2002
4817
9892
8880
5078
965
3644
7260
1363
-389
8286
1614
6468
8127
3160
4559
9229
5908
593
5984
4888
4216
6508
453
1939
2372
172
6448
2669
7904
7349
4632
7456
7578
2524
6758
5966
-186
6664
8637
6490
1954
5857
-101
2389
9161
1870
1597
9220
1323
4080
3060
4646
5059
7015
1756
516
216
8120
-136
-233
3187
9394
1042
9053
1689
4980
2255
2476
4925
3415
7500
1069
7681
7599
9150
3755
396
3462
2029
4786
7249
3208
3795
-145
3344
976
557
3638
9326
990
-384
788
9348
4137
2233
197
1456
4486
3746
-262
5823
8626
2426
3666
3003
4275
7604
7578
3225
7788
5367
8642
3258
5539
6733
6660
9283
9072
3981
2939
3882
5397
2882
942
4695
1692
4110
9909
6937
8857
5607
2865
6777
9334
8414
3218
5105
6096
8478
-258
6066
2017
6999
988
-344
5114
2880
-435
5349
9467
1978
5965
-319
7125
1273
4041
1125
6738
4384
8207
7031
1696
287
6063
5390
9956
9636
55
4580
8430
4784
9352
171
-435
3306
9653
1128
5507
-54
6926
4398
4583
6492
811
2876
9653
938
8135
7235
7356
2049
4534
2734
7146
4821
7226
5738
1978
8256
7996
3705
3699
1809
-160
5383
13
5636
6241
648
1499
-490
2473
2361
1709
9206
759
4936
9990
5762
6190
6970
8314
6500
-342
6640
3564
5787
5920
3248
1835
7937
9006
5338
541
4380
1369
1551
7861
9958
6696
332
427
2507
9937
2521
6052
7283
3755
5766
5770
5668
8235
5848
6994
-294
8164
3818
646
9233
6500
7261
1957
4194
3228
-348
8645
4210
4628
4764
3502
3901
2182
8102
267
-98
6135
2924
7736
4566
7024
5342
2147
9582
6605
8689
3583
8573
7831
9217
53
4989
2646
9644
7352
6147
8366
249
7128
4339
375
9429
8512
4852
-13
7727
5261
6113
8541
770
2605
4387
1016
1861
2215
8982
4682
7989
6697
6360
-266
4570
6739
8231
4742
8875
-213
5137
3091
365
7782
4546
8683
7562
5166
3082
4984
5630
82
4689
2740
3816
9432
2761
1017
8406
5862
2388
713
1729
1546
6715
-421
1126
-422
6514
2020
4012
9696
5292
2684
6413
3125
9139
3885
7968
918
3626
35
3482
2047
3401
4483
8641
9869
7335
1636
3708
673
5954
862
-390
9522
2572
8641
2323
7029
5618
6604
9500
9943
6094
2708
2887
9626
3341
912
-95
1933
4155
470
9670
1133
9196
7419
7414
5132
3279
3669
4376
7167
3362
-488
4929
5553
3746
2956
7688
5587
6833
2965
8291
9200
796
9338
6805
7515
3752
5688
5532
4857
6647
22
7930
6924
9885
4442
1496
9183
9401
3416
7086
8495
-123
2722
6038
9476
437
6491
4067
6608
869
1830
384
2090
591
8325
1029
851
6238
968
1315
8096
6517
7794
3836
-123
6541
680
8951
7637
2796
7386
3722
1206
113
4834
6070
1465
7175
718
2598
9029
5708
9930
5876
9941
8490
6708
7131
4516
3952
6093
503
66
1524
145
3047
4859
6141
8864
9016
-312
8233
492
2394
8983
5675
9542
1219
5611
-473
-481
5357
9616
8609
9340
-171
-391
1822
1190
3851
9577
2908
8652
9246
3998
8152
1464
1441
6067
4710
6678
7942
7704
3761
4659
4656
-266
6472
9272
6131
2126
5481
1103
2669
1185
485
1607
8654
5491
6070
-285
6710
1108
7429
6773
2818
6366
978
2629
4458
3862
212
7539
1331
3475
6124
8330
9229
7125
9670
6380
2625
1222
4825
2298
9015
1194
8604
1048
2133
9697
6463
898
4319
9249
8927
8165
7872
8945
1573
6142
4206
2082
2577
8600
6897
9670
2791
9805
724
9897
7962
4592
2352
6541
-184
9433
3172
8425
-165
642
4550
7065
9974
3925
5082
8788
4960
7599
660
2430
1581
9642
8589
1904
7627
8049
-243
5944
7494
8850
6371
1086
6498
4457
5695
1184
6725
8108
9984
2179
1826
2031
2686
63
7587
-66
1613
8907
2144
2738
643
3869
-84
6748
6189
8489
2675
2048
8625
4107
6287
6957
-444
619
63
1350
8708
9590
3177
2206
7898
2667
628
5562
9991
-448
7991
6668
3021
200
4428
2172
4751
5385
2872
5040
93
1293
9766
3661
4538
4433
3582
6917
5876
7581
3996
2421
5966
6803
8141
7851
6681
5697
2828
719
8881
7279
2934
599
2717
4916
6621
7031
7853
1794
7630
682
9492
8145
1977
4363
9744
6894
4743
2252
7471
4433
8592
603
5821
8097
-184
3402
5875
-214
2710
7757
3528
4164
1701
7781
2209
7717
4998
4312
3218
3582
8167
3892
4067
4439
9309
1439
7227
3584
2504
4180
8492
6154
6185
1415
3810
8586
4673
3910
7627
1690
8374
2972
7698
6141
7303
9852
9653
2914
2794
7101
8908
1465
8666
1225
2432
9290
3161
2558
5391
6966
9717
8127
7476
7993
4654
7933
7341
3065
3898
3108
2268
9804
2576
9648
1507
4853
7751
8595
2763
2371
1409
4017
8175
9659
644
7966
-18
2425
5328
2799
-224
6176
5925
8412
2388
6012
1771
1652
5865
38
6708
3656
7729
3600
-418
1112
5129
1931
8482
3088
1819
6069
3822
5469
4153
3965
1675
6963
7445
9766
8396
7747
9858
8060
2964
-483
2502
9144
1019
1478
4479
6733
4944
6781
5756
7689
4242
5016
9887
1424
9648
5976
1420
6304
5440
4978
5345
1667
376
9416
4242
6968
910
807
4236
1613
5153
5578
1724
8122
605
8414
9932
272
5912
7835
6889
6623
224
-255
6977
4310
7052
8761
5012
3096
5920
9620
9344
1270
6630
7744
4294
4148
6649
9890
1110
6500
-59
6116
2353
8921
9521
7913
794
4007
6642
2103
7994
8495
6645
4115
6513
6893
6447
9074
4901
9650
4381
9519
2361
6871
3286
-282
226
5581
3097
676
330
9940
9994
5332
4253
3822
9424
1204
6611
6468
6862
9324
862
9347
-79
9112
7490
8523
9036
1255
1354
7943
5142
-432
1698
6698
2359
9081
6049
5631
1766
4281
6451
3156
1332
8499
3251
9263
9109
3339
3781
7387
2368
467
8454
6142
5019
3562
4688
1752
-199
7805
3244
6777
1350
7345
8280
2514
535
8829
7247
5270
7310
1988
9250
3748
9725
8645
566
7214
5070
8092
4380
2990
4371
1724
5303
4847
7229
8763
5316
9423
3554
5227
6961
5385
9055
8146
2763
2979
8705
-491
2649
4889
9079
3097
9661
1464
4972
3385
8884
6256
1932
6460
7075
5623
2734
8606
3156
227
8779
6183
78
8521
-276
-291
1677
6962
4869
4724
8250
3623
6787
8909
3849
8345
7479
900
8263
3621
8502
7071
3150
9146
9525
7236
4800
8972
5116
5465
9229
5712
8457
5576
5249
6295
8886
9159
7852
2487
2716
4376
2560
6051
61
2254
7073
3059
8231
8390
750
5086
1682
1403
3852
7261
-264
8631
8153
1323
-47
3283
150
5741
4825
4127
283
2012
150
5052
4586
2092
6322
4815
2364
6591
9824
2753
7054
5678
-293
9841
1296
3877
9273
8442
2485
5494
8089
7501
7036
5253
8476
5742
5490
411
-252
3677
-89
1671
6117
-421
9187
4314
1829
6808
-444
3200
2427
5905
3934
5965
127
6161
9361
4056
8952
6765
204
8246
9719
2677
50
2013
5643
4130
1086
-149
9736
7609
4556
1813
2262
5714
2016
2528
2453
8706
41
2733
2861
4028
115
3896
-144
4525
6521
4425
2626
1341
5460
779
7606
-218
7034
9834
3013
4772
888
4788
9666
-348
1696
7552
-104
5969
7367
1201
3836
893
1966
6328
2519
4346
-267
7354
6881
673
6945
2645
6390
617
4661
2880
7613
7268
9066
2623
4047
3823
6694
9133
4081
1342
5394
2572
4823
6351
2696
8397
1135
9614
4225
4682
4762
9191
4902
3388
8027
7277
3906
500
4925
-8
4076
2763
8377
6524
801
2466
1795
3451
9044
3222
1322
4264
5158
1874
4527
4869
6
418
5411
5095
5121
7331
2758
8681
9972
-158
7424
1097
3734
7055
-491
7278
2102
1940
5709
3664
8587
2980
-339
7066
835
7091
2706
1009
8102
1685
5124
2914
7806
8925
7328
9018
5750
-231
7534
5310
-334
9149
7985
3544
4909
2847
1449
5947
7710
4128
1383
3046
-494
9947
-49
9696
9048
5797
7266
8378
5190
276
737
9739
1735
2557
-198
2161
1039
9012
8578
4581
3703
5166
380
4775
1766
3694
-220
4625
9695
5203
3262
6522
4415
4934
3852
9312
2698
1614
6942
3356
9625
6358
-218
2594
2346
6601
207
8113
4577
6289
5815
807
182
6472
7459
6754
2156
4448
6846
7322
1340
5026
8482
8607
8131
6320
8108
-77
4400
5357
2856
3727
6062
558
7771
2489
4643
3718
406
9115
3376
4589
9726
9258
2273
7014
3971
126
7975
42
5268
1967
9254
5889
917
1091
5868
5945
8893
582
66
1386
928
1775
807
3863
1445
516
5716
2093
238
3138
613
7526
495
5435
1626
1611
172
5869
-485
8368
2737
1121
-493
351
5535
893
8655
1625
4248
4218
4596
1976
9073
2123
3239
845
3578
2247
661
864
8277
4325
8923
1065
-117
2968
6524
5721
5426
8752
5130
2928
1977
9749
758
506
8628
-127
2868
-137
1121
9325
8043
6669
9399
191
5272
9065
5904
6344
3068
3537
1862
6368
9662
109
2830
354
3821
8235
3857
7156
7867
9260
8749
2215
4141
975
-409
2274
654
4087
3520
569
9506
431
2774
-419
3483
4065
-322
8963
8323
3503
7188
8357
8034
6103
64
3151
9633
4356
5779
780
1194
7364
6400
3944
1528
7840
6923
1231
9856
9193
6072
5958
1798
5791
3010
9512
5015
8048
9305
6774
9916
9827
6642
2511
5255
8581
1533
3234
4633
5171
8260
2767
2811
2121
6309
4325
5458
41
5168
2860
4677
3459
6196
3272
1925
981
3243
8601
4678
6935
3171
-78
-33
8057
-289
3586
1986
4083
965
3586
864
3138
9729
5319
1335
2691
747
2756
7196
8520
-363
2879
4122
5047
5474
5090
3558
3887
7284
9152
2692
2122
3859
8949
4274
8009
2075
849
6701
3691
2705
6863
42
37
8360
6392
1690
3366
4872
5935
684
9678
1834
1980
5975
-322
1308
-300
4924
4348
7939
6004
6742
3596
4422
5361
4223
203
7206
7402
1816
1708
42
4680
5076
8220
5152
3716
1214
6919
8190
2024
8830
917
-102
4847
6463
3413
9707
1265
5056
9332
-101
2418
5083
4198
4667
126
6583
5083
3993
7448
1674
3956
6260
9220
7571
2679
7003
246
5193
9717
288
4909
2511
6282
7801
6325
6775
6838
8008
7504
3975
-76
3733
-246
6590
8765
-263
-194
9397
6950
7472
931
6128
4335
3569
30
4244
7301
-189
6929
3244
4411
2239
3156
-148
8744
6072
7328
7356
5511
8093
567
512
1778
6554
1225
1704
7841
9475
8798
6626
7015
2411
1134
5209
6760
5911
-169
9888
2360
8422
3971
7227
9672
4032
9555
3546
7284
9133
7924
-380
2996
8591
7263
1924
1383
3024
743
1882
634
7558
3321
786
7848
3977
278
6072
1392
3639
6674
5694
294
7601
6259
-364
4463
4247
6290
7125
2922
7172
7692
249
6532
190
4605
8820
4534
6034
8994
7992
-192
8229
8054
6141
7787
1296
8255
4801
5983
9429
990
9484
1909
9153
9610
8004
3079
2103
7702
5070
9893
5239
7310
3115
8126
281
2258
5847
-192
1188
5978
2793
7924
4649
8941
8519
9882
5874
8938
5562
4751
3667
5696
-156
9599
3584
3182
1453
1256
1221
6255
8796
4171
6833
8910
3844
4926
4973
7452
5611
9422
2420
2505
3597
5552
-374
8492
8782
1101
-304
1777
4667
6613
-24
8137
8084
1217
731
1722
7470
7829
8571
3116
7323
3992
5096
3690
5591
3838
2045
9743
1443
3182
6233
5525
5188
3170
6201
1434
8003
3402
4904
3001
4739
5954
9977
2680
5711
2800
4401
854
394
7121
4648
5117
368
9098
2918
6526
6973
2893
1394
9751
3362
5537
5788
4863
8574
3334
9065
559
9008
9172
8928
6252
7918
9605
6755
919
9299
350
6239
8601
1716
-419
2570
6130
2372
2179
8988
1329
-281
5326
3528
-162
5384
9742
1625
6718
8546
2782
5668
737
3385
964
6866
1528
5934
7116
4960
7988
8263
5825
4514
9610
4625
-458
5191
8551
4501
2812
667
2419
6433
6653
107
7795
5015
6095
5985
2263
6280
6454
-20
2883
4804
8832
8122
1692
8172
9789
8257
8462
7805
8686
7831
232
6984
-438
-58
9049
5096
582
7055
4767
3141
136
8104
8869
1798
6791
5020
2575
-386
7651
7486
420
9121
9428
6006
839
9572
6801
9423
2788
2313
745
6540
7600
-353
3156
4287
7201
536
1989
708
5540
5519
9634
5585
9397
3071
-113
3392
6815
1775
3227
3186
6480
4937
817
1079
343
1235
8490
6323
9354
-215
9336
3017
7998
651
5047
8816
-484
7666
664
6885
5281
6134
2265
5387
4279
7206
929
6252
2556
-139
7466
3667
3538
7140
3019
5424
7825
4303
4655
3393
-205
4040
3728
6430
3631
2831
511
7528
5909
5767
7609
3036
3769
6425
6952
8191
-79
5263
1364
3680
3185
6685
5601
8986
6753
7367
6773
4537
688
2436
2791
5644
3583
3402
2047
2949
-270
8712
7955
9846
3926
9384
8140
266
6626
3850
9634
2725
7393
3349
8471
4513
8550
4982
3290
3211
8879
1984
2112
6699
4718
892
1009
-224
8471
3516
657
2104
5263
6483
1343
442
5454
7713
-447
4267
8715
283
875
5059
3525
1464
2755
9583
-490
4555
5821
4605
130
9606
5197
4519
8869
1507
1191
6864
6815
5037
2083
2346
5056
2606
8051
-306
7613
2133
251
1194
3343
1872
9761
8139
4588
2477
7798
2807
3185
9456
1013
-469
2707
1981
8570
2301
7223
8036
1029
935
5013
5816
5788
4780
1094
1258
3139
3466
4503
5561
935
1624
8107
-481
9821
3313
4677
1655
2024
6970
-358
6365
5622
2372
1658
205
9283
3324
4566
4208
5974
5720
4706
352
3948
9400
3915
8435
8518
4571
6435
8033
8328
7671
422
1695
8565
2435
1175
9198
6521
6642
153
-217
3222
9751
7988
429
2863
3605
8233
1457
9894
6141
5011
3859
1270
679
5704
6741
1359
-383
3404
2242
1951
3856
6397
7766
9730
5252
8715
7019
4541
1075
4649
8725
1713
1039
2308
347
1533
7689
5355
2715
8678
879
1212
8138
1172
8952
9725
5188
5578
7316
3935
-324
1453
7381
5913
4377
8652
4141
5608
5638
8104
1413
6901
4241
3807
3662
7137
442
1976
5939
7943
-367
8962
2987
9363
962
6842
1346
7849
4779
5166
4761
5833
9152
5711
5479
2912
391
8799
8771
3899
6102
1096
5790
6430
1345
135
8317
6520
2637
5422
6794
2516
8849
6248
6442
9914
6561
2406
9070
5014
8442
229
4321
9957
627
1809
7165
-326
6264
8679
9253
3665
1055
9773
4444
6681
7588
1713
7270
-401
6049
5416
1778
1827
6186
174
4092
8887
7488
2144
423
2934
4903
3373
9837
3475
9513
7031
9338
1753
6033
7105
9959
5871
5363
3985
3668
2040
8842
116
1712
3723
1802
4852
4574
-265
908
-29
9697
5157
3343
2563
2551
6022
2516
7221
9764
9450
3291
4882
7186
3014
606
10000
3558
1580
7990
-119
109
4291
1929
3292
821
8470
8517
-150
2369
3183
4729
8123
-160
2407
3574
5929
3175
8248
7505
5159
2089
5581
9122
9140
445
6428
91
7387
6699
5363
939
4299
850
8231
9346
4857
-352
1255
3453
4341
8822
1144
6201
7541
4216
2494
8687
7886
5801
5039
936
5067
5027
9612
1880
8059
4729
5777
9075
867
5109
6422
3255
9040
6079
9333
8798
4687
1917
3703
6441
3368
503
2904
714
2945
903
9592
775
7020
6377
462
4934
58
-221
6456
3874
4655
6082
6637
-110
-493
5180
386
1318
7524
4977
6821
440
5097
9583
8454
7917
495
1609
6536
4421
1560
7894
373
8698
6827
5352
422
-47
5456
4713
514
7324
9748
7936
7018
7311
8557
6957
2222
7894
2274
7079
4311
1833
-207
696
2634
996
1673
5354
8560
9694
1000
1171
8246
3553
3545
1594
4943
5910
-274
921
8318
8367
7247
-480
9103
2263
7901
78
4903
9907
2403
1375
7889
5002
3089
9361
9092
2999
4654
5719
4137
59
5168
6641
1662
9259
7007
3995
9333
4860
9091
-482
-277
9746
6640
7391
1058
1706
4976
4436
5289
1857
4176
5295
5891
28
3878
8198
7482
987
957
6199
6163
9917
7684
8297
4463
8614
4719
6059
9732
8270
9119
13
4157
8199
7957
8333
8890
532
4019
1658
5962
162
9982
1234
7035
7832
6829
1261
4498
6788
7828
5007
6677
9146
5686
3026
401
9556
9347
3285
397
3807
6447
7221
5577
-227
7721
9885
8537
816
8949
9356
4995
-438
-17
8289
9980
1950
-349
7252
6782
8828
7862
1907
8520
9535
1341
5654
7600
6109
8921
141
385
4285
8708
4386
5419
8015
920
8216
3708
-227
6496
9236
2343
4696
4830
2251
1096
9207
8084
4090
2346
4849
7504
6517
1161
2064
3605
356
91
6000
7438
5851
511
7419
7946
5912
922
9489
9330
7054
176
9156
6944
3197
1529
5889
2758
6852
598
8720
860
9730
603
7186
284
7552
1599
2699
2026
6859
3321
865
2309
4998
9223
7708
8959
1205
3224
2205
8263
7555
3024
9757
9292
700
3068
8765
983
7471
5237
-346
7191
8368
1360
225
-262
-93
1160
6856
7313
7602
4088
9585
8225
6111
3524
6988
2897
497
8602
6633
4158
5762
2453
6460
6346
7857
2659
1044
1138
1632
6379
9498
1949
3806
811
970
337
9008
5936
4887
8897
4099
2696
4573
1802
583
5105
9551
4837
2613
2851
2442
74
6556
4727
-124
2867
4942
1659
768
-176
2365
1178
2632
5080
7428
1737
3675
7402
4867
2257
8269
8952
4800
743
2378
3453
4166
1708
2331
5833
849
5138
9540
8783
1121
5899
5023
793
3064
4615
1993
-89
782
4975
213
933
501
5702
7291
5261
2281
2648
4400
7169
-325
307
4320
7973
4364
4417
7837
2167
4534
4323
2503
8446
1472
7164
2075
3763
-73
7713
6609
5650
8108
7720
4717
7920
5756
2261
3373
7680
3657
6697
1723
1047
8351
380
720
719
6414
9013
9132
5479
1888
9054
2605
9337
9981
7302
4943
4793
-269
2498
-375
672
4650
9261
3478
31
3218
4758
9800
6660
3639
4523
5432
5069
9319
1084
1704
4302
4915
3704
5316
2735
2587
8604
9585
9407
1433
9008
6681
3368
4009
3767
2753
7202
1808
2869
1247
7617
2238
9183
9104
1461
241
2071
9396
1118
4122
5412
1978
581
2587
8930
3205
5826
6079
5047
8866
-49
2346
9868
6733
3807
1336
1523
5518
2064
7198
9861
8469
5318
3410
6030
6882
3443
1464
9252
718
7184
2367
3857
1954
3339
394
7331
5959
8329
8424
2641
3411
7765
255
4899
-469
3660
4366
1641
785
6178
9057
656
8575
8515
6191
5079
3013
7910
2616
9577
3914
8009
7194
8930
8030
-175
5858
9034
5049
3987
1521
315
5355
3210
1251
5509
173
2660
3184
7926
6910
9677
8744
7109
6651
2032
4292
294
-345
4751
1372
6431
178
4798
5042
9255
15
9148
-447
6188
7607
4033
9717
2355
2671
3820
4030
5787
652
4557
4699
2626
-283
5028
-117
6924
7727
638
621
8242
7582
7235
4739
3240
8664
7588
9237
3417
-46
6513
7573
2964
7978
5239
-342
-128
350
8742
2467
788
615
8222
1223
9134
3994
8524
7819
8371
8439
2116
6662
5131
9533
5103
2268
9926
6394
8299
1463
7072
-19
6141
9725
4991
6092
5980
2709
5013
7180
2570
4785
7348
4513
4837
6204
6951
5217
1604
5042
1726
1763
5316
254
1323
7633
7206
8846
7498
3744
8342
9531
4468
8131
8673
3720
2960
913
956
-472
7053
3411
9589
5783
4013
36
5769
5613
3118
2438
9806
9673
4151
2125
1921
7043
4764
4251
5360
6
3778
9019
894
5402
2511
3217
-102
2365
8267
7942
750
5003
5072
8545
9978
5299
9301
2479
5335
8017
8810
4974
9601
2561
1812
2411
301
4435
4893
-222
5116
-216
8958
8898
710
5890
8993
3764
3845
5006
9278
5869
7369
9175
6295
-396
7439
5544
4522
542
5085
9093
7119
2466
821
5936
3422
8144
3258
5100
2583
3976
2799
9974
2384
3763
8545
9604
4164
2266
2292
6337
4554
6376
7397
277
8224
8481
6079
7481
1761
4279
3473
-114
9189
9306
8828
4007
7547
2305
8184
8089
9965
3433
8415
9701
8673
2963
7715
6965
540
5594
4024
-328
9912
6281
8165
6914
9105
1034
8203
9158
1564
3501
3938
8577
3015
2670
7312
-75
7212
3767
7648
1695
5532
5589
1113
8472
3682
3663
4088
3535
1712
4479
3086
2912
4045
917
7649
6260
6825
8797
6210
6016
6222
9070
8327
7545
4449
3165
4112
1028
1849
3301
6511
8214
527
8037
4843
4873
453
9635
868
9505
9757
3339
2312
9071
4333
6149
4052
6069
8607
2936
478
5988
1680
4833
1728
2765
9114
3056
8638
23
1744
-274
9133
9069
7448
8499
9187
1570
-467
6348
6787
5552
7902
1576
2560
5534
4837
2313
5498
8037
5171
240
2662
1857
2650
6866
2089
4163
6713
2771
1268
8416
8255
5412
1382
5794
2826
5345
5842
6299
6313
7752
1612
3646
5044
1868
8427
-310
3232
7983
3450
2642
-175
8430
4494
6845
690
544
1477
4202
5525
23
3560
7898
8715
4565
9175
3629
8162
4317
6967
-47
7874
8450
7367
6185
6654
8170
2030
9364
1623
3496
2440
5030
2572
2854
2380
6870
2826
6068
7087
1117
8442
5447
1665
5610
6378
1566
2702
9091
5530
4009
8731
121
8669
8394
3277
5130
9857
9470
4761
4556
3572
7647
7546
1082
7328
5700
-111
8174
9008
2272
186
4862
534
5254
3149
7597
9717
1194
6284
7994
3949
1472
7997
5352
5280
7011
1943
5133
6687
4341
7421
6351
7687
4050
6455
1732
2420
5761
6245
3818
9491
9772
3688
74
3120
9527
5049
3048
8541
5626
2584
6496
9064
3112
4481
424
3846
6055
698
8391
596
5209
8269
1981
3595
7069
5785
1410
6555
8404
9224
2370
1620
9799
8101
1594
6081
4011
9789
2859
3800
3970
435
312
3363
9772
7590
8135
2711
6425
-122
2648
-403
9577
7961
8494
7919
9664
7844
2887
759
5320
3535
7827
5803
2911
-7
6251
8695
9397
6325
248
4818
-238
5677
1279
1027
4427
7840
3436
9584
810
8249
5857
8155
8506
6019
877
5752
9596
2926
211
5696
4333
3781
9208
6404
4169
955
5986
4616
891
4324
5745
6472
424
8047
17
9470
8508
9362
6812
5706
335
1795
5957
7445
4696
9150
975
2500
8233
3346
4671
636
4278
8801
8261
4201
9809
-29
8291
4368
7571
3618
4160
2006
5855
2881
3969
6187
8733
3566
8854
-281
1756
9110
827
7548
17
8818
3761
-487
496
7013
7175
9257
9199
5189
5658
2254
77
8680
8862
1149
1732
5116
705
56
2493
8327
-187
-228
1525
6578
8993
-188
-477
8915
7745
5726
9236
5243
1847
9909
6142
7807
6737
382
7200
2326
5386
-361
2712
5759
5128
5456
4039
2026
5884
4157
2622
1490
4502
8407
-443
5959
9813
2330
4164
4083
4647
9019
1595
9328
3463
7528
9129
3301
9181
2781
8367
3573
7121
7682
9773
3015
8082
2880
9937
1626
2541
9916
3772
8517
3247
640
3651
2578
1583
-69
4160
5294
748
8477
8702
7962
7768
2959
9636
3708
5716
8899
4318
7917
1658
425
8876
-150
4182
4154
4081
4928
6846
1929
8212
2789
585
2382
-136
7481
8116
372
466
325
26
7230
782
2671
1197
-44
-136
5437
575
5722
-327
70
8793
1918
8179
9520
4224
7046
4718
3248
6095
4759
1040
7734
4541
9616
2956
1831
9268
4199
8323
9053
751
4509
3245
4310
2000
-409
1131
215
7080
50
6701
8152
6938
7145
4777
7888
6721
7033
5670
5314
8276
7081
919
5422
6318
4548
398
6703
3419
3407
3209
6596
-411
5128
1815
-333
393
7098
1825
3891
4363
4468
568
4786
3033
6273
2654
8113
2206
5153
6188
5213
747
617
1735
3531
7136
4703
1202
6367
7458
758
7277
3146
4838
7689
2021
706
9270
4636
5435
2662
6144
9087
3127
9241
6174
8350
9489
978
376
6518
174
8566
1628
7989
8893
4417
3734
8756
3148
6894
8310
-113
2179
3299
3635
9406
932
3344
4586
171
2860
4950
3455
2079
9284
6124
9970
886
4317
4090
1604
5571
9916
6491
5841
2109
5571
8811
-88
-443
7352
6028
4826
1747
9118
7831
3359
7500
2395
9694
6112
9657
4917
7623
-115
6335
8859
4070
2519
522
3665
6736
4795
453
1766
9410
-353
4683
7630
1536
1532
9354
2533
7315
856
5157
-65
5829
-328
5352
8528
6594
6360
8801
2272
9673
846
4643
8854
40
2630
7816
4551
5578
1705
2254
1452
2414
7824
6586
2226
7861
3309
-214
2057
2519
1967
479
5221
-306
748
9649
9713
5662
3187
2493
5040
8077
2362
4704
8608
7743
4082
8934
5357
583
4447
3879
8830
3711
1038
7140
5986
577
-417
4413
5555
1134
6828
1672
5022
2226
537
7156
6995
5995
7355
6732
687
8037
9635
9770
5964
9469
1668
945
-110
6102
4642
8584
267
6356
4658
8359
9689
8526
2174
6947
5010
2302
4641
6680
6644
8931
3583
9454
9026
2495
8694
3215
5024
9321
5615
9055
1521
4139
9341
8996
1218
1026
389
4163
8943
7308
9170
3996
7626
-189
3660
4333
9437
4427
6438
1908
609
7154
3838
7704
9802
3586
8594
6734
1986
1551
2350
9607
1845
8227
9092
1657
6619
7106
9561
99
3179
3730
4169
9983
8869
8584
8456
8679
3590
9680
7238
7691
8702
4932
306
9290
5823
8671
3339
2558
2634
6118
1804
8548
4005
953
7633
1143
7498
3827
8217
2657
5877
7360
1999
-143
1086
7376
8810
7715
1201
9301
5771
9597
865
5654
464
1241
158
8590
9375
7991
1792
2467
9105
4349
4796
4058
6494
9906
2981
386
5479
4502
5149
3144
6081
424
7450
6787
9399
7564
2508
8815
6276
5099
5969
6526
5055
2974
-410
7466
4184
3102
7618
3932
3399
3960
8940
9157
-225
3220
6888
7034
6679
9569
9619
9744
3620
836
371
6359
1457
2352
673
9826
1926
6877
5702
9749
-342
3803
838
9026
1815
1283
2410
-347
8547
7367
9975
9861
3148
6449
6730
6891
3729
2611
605
6952
6791
6464
7864
-251
417
9716
7556
3139
9024
615
-449
-159
8524
7628
9270
4567
6138
7194
3177
889
-295
1580
7026
5194
4090
6004
1849
6304
700
5988
8018
2819
5171
-296
1118
8118
3746
2789
2877
2361
6078
-496
2962
5585
7425
2940
5382
5114
8662
5318
6453
9838
3688
5983
1399
707
8728
9905
6044
3040
1956
7753
4214
695
9994
7064
8168
1427
1378
7993
7668
3021
5064
1688
6752
-487
6205
7884
7371
7408
469
5060
288
-347
9700
9885
3248
2567
2320
8671
8956
677
7831
7955
6725
5164
5940
7842
6547
1056
4597
4608
182
6571
7985
9841
5500
1160
6538
6939
8112
554
7093
4043
2828
2287
717
4247
1216
5599
3191
7362
9223
6214
5361
311
5813
1653
7139
1903
1918
-418
-418
4856
1287
7565
4884
6568
1670
346
3133
7620
3723
7583
9638
3280
-219
3251
2054
4092
8963
1524
5722
4115
9845
-311
43
8833
4229
6377
6360
8098
6025
306
9011
4985
1556
7376
4699
3257
9933
7122
6597
8258
4131
8831
6403
7526
7190
1657
2370
4570
2366
4989
3257
8538
7708
8603
8113
4891
2546
6747
-432
8739
6870
2708
273
9643
7411
9016
599
6464
6291
4880
7498
5457
1822
2113
4178
5156
2793
6012
9003
-8
8990
-451
7369
2955
4202
757
1198
4215
5695
8737
9065
7068
1787
7269
2309
898
2776
3204
7771
6113
8100
6655
2007
-122
9135
4403
788
2408
1446
2722
1113
7986
2033
5409
6048
7671
9849
7709
1075
6086
8338
-23
-109
77
3381
6547
9828
5217
1260
4521
9487
9177
4740
6658
9062
2933
9625
4461
8716
1824
5533
8817
5115
2985
6029
2097
3859
1543
4250
5472
1684
6487
7212
6774
-207
920
4277
5404
6445
5468
5622
6940
7046
2241
3745
6038
4797
2559
4726
7311
6138
-242
333
242
6988
7871
8092
4725
3922
1285
1012
6623
4972
9103
-3
1603
8445
8536
8666
1848
3339
1142
381
6903
8755
5446
6526
6489
7026
1615
8247
8762
736
6066
8245
3183
3811
3371
1413
7289
3887
7323
5030
8111
9982
6248
3394
2637
118
8845
297
8414
2749
9398
5920
5751
7194
849
7353
4860
-222
1779
4035
4092
1974
47
6508
3924
6102
2718
1579
-15
8467
2957
7358
6456
4788
8266
5040
1778
7177
6761
5773
4782
4360
2764
4454
8782
2780
2981
2837
9108
4446
8546
1666
3581
9695
8588
7355
3732
5102
635
9506
2762
9279
8508
4317
815
6402
918
-244
3924
7173
1825
7765
6035
677
7062
5675
9519
5230
3746
2231
7362
8596
6669
833
6421
6227
3502
5885
9495
5515
7159
3474
4095
423
9222
2224
3701
2131
1869
-415
9151
8238
5966
8171
6620
2692
8891
-25
3574
6864
6879
9628
4841
390
9281
9288
3510
5745
8489
853
8621
7506
8873
2261
1965
9551
4744
8796
8803
8811
-249
8691
4752
9807
2843
3499
4659
1996
8455
9892
7198
4574
5274
4688
7643
6552
8742
6106
3183
880
2989
1694
4370
5230
3819
7712
2565
5452
8358
11
609
9837
7089
922
8241
3699
9848
8931
3752
9712
7295
8489
836
3901
9347
8670
1790
4424
6369
2186
117
9453
4115
5397
3525
7529
3724
4121
9557
3956
2469
5749
2856
3010
8408
6016
8771
1075
91
6189
1963
6850
5068
1480
5925
3103
1422
1658
1644
6763
6142
1184
9860
2033
5568
1633
9440
1389
8428
1760
640
635
3446
1315
2384
8034
565
6137
1846
7171
5173
6733
2666
8971
3981
6057
759
3383
644
8421
5858
1405
3194
7422
8424
2477
5801
2413
547
9016
311
4883
6381
2911
9334
2004
1686
4225
8813
5244
4182
507
2731
5272
9779
4954
8158
5207
1964
2771
7671
2435
4021
-107
4862
8887
9527
2181
5608
6102
5511
8076
5666
1629
4304
3018
3400
269
458
5193
6154
7222
3404
-253
7409
536
9214
6606
-334
5152
7256
5666
9430
1732
-15
1192
7125
-94
-25
4962
1514
7449
3859
6948
8820
3115
8220
5395
4015
5871
7706
7024
7708
36
995
1277
1970
8941
649
2263
1037
3146
744
7269
5832
1459
7502
5266
3129
5928
6513
3283
9646
2618
4481
-139
4699
1042
8821
7236
2116
61
4062
3952
8152
7752
-326
5053
8362
4255
4261
3507
9738
9409
-57
1896
7733
8212
5102
5906
9467
6744
3348
1088
9774
584
7910
2671
9601
4639
7923
5163
-51
8145
496
9283
16
1327
6464
1779
7326
8772
9167
4701
1478
4530
8119
3494
7669
6128
3921
3939
1943
7126
1889
5796
3140
1643
222
9198
1914
1186
8847
5253
4742
6708
2762
3487
6171
1858
6950
5070
4546
-251
8266
5685
1908
8751
-31
4492
7153
1067
5851
8940
3455
6484
2105
821
5133
299
1120
7104
8911
-356
1250
5440
1647
6280
8381
8477
6722
196
2297
272
9073
3426
976
4109
7357
-178
6732
9615
616
3566
6390
7662
1487
4867
849
3150
-299
5659
51
8724
6454
4500
6850
1720
8632
2452
6546
4005
2308
4287
6965
522
9726
2743
1873
9365
2376
9908
7399
8406
6186
5444
4923
3213
3052
1151
6811
9946
626
710
5860
1913
299
2848
-251
4154
5140
2185
6857
1805
2327
2610
6303
-140
1598
5399
5829
2492
-137
5495
9876
3968
7620
957
5302
9339
7939
-494
3393
1935
8342
6693
2842
-352
1504
4300
2284
3447
9821
6787
5377
4053
675
1582
6610
8650
1700
902
6284
5690
-399
3762
208
5908
1345
7491
4927
6397
8563
1197
9538
552
3970
9876
6821
3392
9230
9181
422
2551
3796
275
1307
64
7564
9327
3612
1123
2495
8353
2135
5548
4616
6591
-348
6240
4964
912
6986
993
7958
6483
9442
9079
2692
1185
7687
1860
5606
1834
101
113
4367
847
6461
6442
8016
9589
4406
7457
3160
2307
4191
2156
8084
9340
2666
3410
1208
5243
9146
1542
4837
5004
5859
3248
9249
8130
6197
3586
8963
4622
807
8961
5695
2072
3488
7514
9427
9843
562
7106
4687
3113
3943
-381
6630
3103
2252
1844
2101
8552
-371
4069
4760
4686
4466
7833
851
1379
9768
5860
1315
4527
6060
4671
6945
3906
-479
3318
2467
1213
9979
5849
2587
8616
3830
4276
3090
6883
2142
7139
7872
9022
8358
7137
2486
2674
402
8447
-224
8199
6533
3555
4520
7270
-286
5782
8977
5558
8062
5634
9811
3229
2162
2862
6122
9986
8256
4087
-459
5051
1499
2524
-83
84
2688
1559
7665
6517
-75
56
3950
5932
8521
9538
1217
3076
577
5270
4470
7894
847
5748
9862
2686
6071
5777
6090
5359
1382
2435
9841
2541
9524
918
4355
4641
5354
8431
3615
4575
9109
3697
-468
-333
961
6909
7363
2716
6969
6627
6630
6299
7710
1241
4835
5713
1546
3983
9035
-311
5490
2855
-109
5182
6480
170
1721
3329
7571
1292
589
5075
2078
9063
1027
8440
5439
9207
5106
9851
8342
6156
7337
-480
9800
7471
6784
6551
8993
7658
5945
1052
6852
5724
5216
4513
4480
9420
7503
6038
3234
8408
303
1569
3850
4744
3267
9771
9913
4142
3131
-428
8213
2321
111
5144
4699
6215
1594
4184
6169
8588
7896
6020
7405
-490
3932
3550
8949
2579
3843
3621
9533
2410
3794
7910
2824
8066
9212
9895
2165
3061
7018
2872
421
622
2551
9020
5780
3852
1367
5029
1759
1236
1445
3846
8547
8276
1972
1538
9624
7254
8839
9801
9514
428
9468
4853
1705
2311
4298
3409
3407
3127
-393
2082
7072
2509
-412
3349
2771
3083
1336
269
7725
9913
7109
3846
9355
6204
9019
3390
7588
1347
456
2619
4566
3295
9860
4984
3958
7968
411
8957
5625
9478
3968
1414
1795
1011
5862
6226
8229
4511
3625
3598
8732
1298
-27
6576
4385
9344
7282
5664
7534
-64
5646
1806
8434
8775
5374
8936
6207
7875
1270
9216
-189
5361
3862
1738
6738
2262
8910
1543
396
5755
4938
3352
7421
5301
9975
8244
4667
-290
6257
647
2908
4990
1123
2486
9816
8944
5269
7592
2594
7726
7413
6728
9511
5195
4192
4732
5438
-104
-362
9658
3140
6733
5910
2763
63
2223
7830
5215
5290
6176
1488
2646
7467
2536
7379
909
2066
-31
-113
1088
7406
1253
8058
8445
7508
7650
4785
3607
9847
5116
7305
5736
7016
9119
7748
9711
6639
-283
2040
5172
5673
1742
2487
1949
1570
7072
6829
2569
9362
6645
2339
8952
2539
3313
6370
5042
8702
4541
-217
3185
2084
6025
-446
5068
7408
563
8278
6058
6849
7478
856
8695
6670
9971
8367
2650
7786
8299
9557
-475
1968
-121
9950
4190
5238
2610
9124
8941
697
4593
1713
5343
4039
7893
8836
3000
7574
6260
9195
2516
5153
6029
8799
9105
354
792
5997
6694
371
3334
9497
3210
1679
6776
15
28
6470
7514
493
3541
5072
8908
1839
6306
4269
-357
6758
5915
9076
5408
8700
3277
2287
938
7826
3946
848
2454
2459
5125
9580
9913
4964
7798
1384
9169
1220
1534
7396
2938
5632
2523
7122
8523
6509
-298
4797
3346
3703
6172
2093
2723
6698
1216
8642
6686
2161
7898
571
101
9883
8884
2403
5907
8473
5816
330
409
4924
7787
8356
8669
8270
2266
632
3751
9881
-126
350
5970
5505
9722
5484
8978
2689
3485
2864
2417
3666
1920
2620
6492
4655
2867
3598
2869
3062
4484
3389
5801
7466
5951
2356
3858
8017
2841
8141
7603
1921
8064
3206
9678
6765
6751
1038
1491
2447
779
7995
5334
7780
789
8057
4353
6571
5860
-315
2325
1458
2184
4558
646
3400
5685
536
2807
8018
196
1712
5250
9180
4729
1673
265
5120
689
3228
6672
4157
6768
7381
-99
2594
9317
3466
3845
7724
1311
324
2632
357
-9
9453
4988
9006
9838
7575
7806
2564
801
1061
-463
-318
1111
4799
7845
7471
9677
529
9495
5729
642
3902
7280
8086
6889
7536
1277
8170
7488
1397
5051
3292
6642
961
7597
9301
8326
3003
8119
2196
2678
8722
1064
4373
6870
9667
7840
9755
2325
2579
7807
4993
9605
3607
4487
614
7296
7181
2739
1293
9050
8937
-8
3081
9415
5688
9777
7846
3254
3784
2487
4438
3086
9126
1555
5648
2947
4581
218
818
6633
9959
9318
8393
1142
9563
9959
2661
1231
1784
662
9257
4054
758
6387
4243
8242
7492
2283
4037
197
6724
6835
695
4760
4499
4083
3674
2711
4696
498
7445
3936
4348
9153
3393
6721
4709
6595
5573
7609
625
6411
9317
1291
5739
2261
8033
9576
7657
4677
5281
1067
8089
6803
5824
1988
2567
3977
5810
2569
-472
3634
6623
3307
7987
3376
8555
-381
3546
2352
7818
9284
2888
4402
6261
6865
7906
6772
9986
2734
3289
-113
2642
894
8063
6606
9827
6844
75
1037
7380
1529
5724
4427
1353
2291
6075
9897
4244
9557
8137
8865
2304
5267
6684
8464
8980
2550
1462
3328
5134
1146
6469
7684
652
2409
4878
1016
2472
6278
2104
2342
412
1263
1797
7734
9961
3532
8696
9068
4650
8583
3539
3650
5753
1026
9060
9203
7010
3385
167
2395
8093
2645
149
704
7464
4666
6524
7250
638
8712
-35
4274
-447
2807
7115
9370
800
3587
6456
453
9072
416
3933
3845
380
5329
1991
-375
-168
1925
5092
7637
9004
8541
7909
4486
2530
5624
3671
1333
528
1637
6753
7893
4644
2628
8795
1317
5105
6777
2304
1231
7018
-351
2922
908
7081
-423
-368
8860
681
3499
6471
5059
426
946
8263
6989
3222
1222
431
6346
4490
4935
7471
8751
8834
4630
1448
5384
5756
6429
6270
7795
4654
1699
3988
5836
1944
7683
2752
-233
2753
8713
5639
1735
9073
8528
8907
5750
3856
9720
2255
8069
8318
7137
8068
1879
5435
6866
614
3085
8776
3546
8954
7335
2795
1073
-73
7153
5066
8803
-64
2323
4421
399
-275
7172
8565
8198
2881
7719
9284
338
2766
7197
9716
6318
6374
1060
9354
7654
9621
5454
-158
9926
1395
6463
9821
4529
8840
9162
7487
4277
1561
-208
1787
6518
8382
5510
8124
6866
9641
